0.220146
0.661069
0.921187
0.423785
0.69889
0.807231
0.532748
0.351436
0.798996
0.944949
0.511283
0.227337
0.641466
0.5001
0.694805
0.370975
0.600393
0.683538
0.935544
0.673915
0.8896
0.891424
0.243647
-1
0.779869
0.525972
0.495362
0.261781
0.28846
0.194357
0.53247
0.835099
0.484622
0.540945
0.979561
0.438404
0.735613
0.850071
0.829759
0.578308
0.622092
0.787402
0.680062
0.582809
-1
0.408609
0.930922
0.238718
0.934087
0.551434
0.953624
0.780464
0.408364
0.334983
0.472809
0.565695
0.517198
0.995417
0.545521
0.470837
0.956207
0.983144
0.889438
0.9512
0.924282
0.780248
0.733085
0.912364
0.869783
0.810106
0.873635
0.899369
0.840629
-1
0.494464
-1
0.920462
0.408954
0.439149
0.960422
0.701088
0.679242
0.734282
0.619647
0.807576
0.410091
-1
0.990866
0.524446
0.920363
0.938145
0.559559
0.863644
0.606459
0.241726
0.795112
0.748326
0.707051
0.509074
0.834031
0.71375
0.419187
-1
0.885457
0.944258
0.531657
0.405408
0.851288
0.475469
0.690387
0.618403
0.448996
0.692509
0.880116
0.833655
0.912677
0.436693
0.90629
-1
0.236026
0.453554
0.864717
0.498539
0.304657
0.833416
-1
0.346043
0.774812
0.466503
0.950185
0.725315
0.746537
-1
0.770294
0.605722
0.571294
0.391855
0.664272
0.700214
0.327756
-1
0.721145
0.158701
0.905818
0.725041
0.728115
0.819931
0.79743
0.967483
0.309741
0.978535
0.215753
0.361666
0.998115
0.791688
0.637963
0.966854
0.782884
0.864427
0.765129
0.848848
0.981417
0.879057
0.66643
0.740577
0.227369
0.315884
0.52894
0.686266
0.0925057
0.746094
0.933358
0.612493
0.646377
0.54213
0.805838
0.916657
0.859256
0.528405
0.944125
0.883291
0.0882458
0.929194
0.657669
-1
0.615716
0.629953
0.835529
0.476257
0.949313
0.600875
0.95433
0.35861
0.345994
0.852889
0.844179
0.887326
0.720187
0.669543
0.420017
0.858659
0.627958
0.605168
-1
0.608564
0.582592
0.927051
0.865642
0.999224
0.951967
-1
0.948044
0.286915
0.542229
0.738734
0.836026
0.645731
0.213935
0.879878
0.759267
0.809829
0.961117
0.646195
0.340504
0.513675
0.509077
0.620337
0.397664
0.497864
0.741568
0.246502
0.744408
0.847819
0.472047
0.931272
0.604543
0.985128
0.509346
0.730694
0.654663
0.98291
0.637206
0.530547
0.691102
0.681759
0.807949
0.947565
0.314092
0.689273
0.989976
0.93189
0.943845
0.298962
0.427617
0.48553
0.764154
0.341806
0.782458
0.989171
0.570905
0.487549
-1
0.999567
0.79726
0.249102
0.629838
0.891998
0.725694
0.930578
0.902262
0.399989
0.390688
0.112895
-1
0.776033
-1
0.65896
0.81277
0.861187
0.708912
0.288381
0.992715
0.747883
0.938531
0.793972
0.480136
0.364097
0.702279
0.240973
0.846076
0.551748
-1
0.361893
0.646936
0.761742
0.34607
0.59988
0.215377
0.55968
0.394794
0.869427
0.492556
0.330977
0.862545
0.434314
0.426087
0.694842
0.691682
0.658884
0.541113
0.769827
0.725447
0.351076
0.918717
0.80894
-1
0.437196
0.594457
0.218588
-1
0.866028
0.956673
0.312701
0.831136
0.439138
0.974759
0.686818
0.450374
-1
0.855931
0.795789
0.500262
0.860111
0.731257
0.691278
-1
0.606297
0.832023
0.803751
0.621287
0.422247
0.867784
0.875283
0.456766
0.72919
0.715497
0.470865
0.566709
0.778151
0.426116
0.899835
0.869392
0.731449
0.805875
0.436793
0.590118
0.618046
0.905256
0.363992
0.925493
0.919894
0.971406
0.185212
0.29334
0.493432
0.29077
0.453942
0.938667
0.662037
0.574845
0.689504
0.420172
0.707654
0.925227
0.567261
0.858461
0.775573
0.946217
0.740709
0.568726
0.680306
0.897369
0.196736
0.40916
0.808306
0.374489
-1
0.479256
0.977384
0.908661
0.801547
0.815672
0.2729
0.281748
0.775201
0.638982
0.859275
0.919928
0.8895
0.759586
0.829384
-1
0.795289
0.610828
0.921942
0.531771
0.673497
0.869631
0.959622
0.928194
0.159498
0.914068
0.98257
0.353995
0.722928
0.736216
0.6005
-1
0.235015
0.514098
-1
0.864051
0.195626
0.91971
0.96507
0.465071
0.733374
0.463585
0.412388
0.784813
0.806724
0.685723
0.47756
0.963673
0.422323
0.780905
0.272885
0.468117
0.840506
0.591571
0.834757
0.843407
0.70703
0.870855
0.496648
0.594179
0.654233
0.627307
0.381645
0.70677
0.641559
0.93448
0.379875
0.625219
0.575741
0.780075
0.43792
0.65901
0.927244
0.695424
0.832259
0.253853
0.720631
0.87287
0.906473
0.365312
0.542493
0.433816
0.849494
0.4582
-1
0.520397
0.730535
0.582677
0.407324
0.560773
0.571641
0.370371
0.55133
0.483401
0.387965
0.965573
0.228334
0.316304
0.90278
0.933543
0.961783
0.845235
0.905278
0.541046
0.971362
0.610192
0.856018
0.334575
0.983862
0.583471
0.806383
0.841511
0.939433
0.950534
0.991919
0.941563
0.100288
0.938382
0.402083
0.878397
0.369768
0.279159
0.803719
0.918183
0.802243
0.584167
0.48673
0.620458
0.718368
0.884535
0.822601
0.335689
0.814147
0.392528
0.778133
0.775256
0.632455
0.039894
0.799534
-1
0.66356
0.621465
0.748467
0.960145
0.675486
0.605414
0.877505
0.922865
0.332319
0.600627
0.680727
0.547309
0.919595
0.823407
0.826687
0.66584
0.634281
0.520356
0.551634
-1
0.786604
0.667886
0.427446
0.834222
0.921791
0.627805
0.531654
0.778864
0.651402
0.638006
0.248223
0.195362
0.193483
-1
0.954702
-1
0.926801
0.652791
0.951114
0.898749
0.734838
0.944666
0.993488
0.754056
0.355551
0.44588
0.873853
0.843398
0.646742
0.7083
0.857655
0.442926
0.745572
0.769291
0.831941
0.794005
0.794758
0.604622
0.638721
0.852796
0.905133
0.709033
0.593824
0.34878
0.771146
0.605309
0.468217
0.927118
0.519243
0.838279
0.838136
0.715716
0.432006
0.669359
0.52164
0.588319
-1
0.581742
0.783306
0.98881
-1
0.651654
0.5162
0.779153
0.326238
0.980158
0.768678
0.493683
0.926877
0.812694
0.340129
0.951357
0.450894
0.352635
0.535295
0.73878
0.228618
-1
0.32646
0.68657
0.843781
-1
0.382277
-1
0.554472
0.933713
0.62371
0.879373
0.893177
0.930593
0.958372
0.570475
-1
0.819277
0.870481
0.572201
0.813079
0.501553
0.442751
0.860859
0.64584
0.722584
0.58098
0.787258
0.363008
0.650135
0.369786
0.882813
0.580094
0.75279
0.722496
0.665009
0.810165
0.928523
0.696588
0.997149
-1
0.751211
0.932099
0.957381
0.535552
0.0830222
0.9798
0.904159
0.454045
0.692979
0.345735
0.655744
0.928594
0.880919
0.886152
0.845397
-1
0.963776
0.593209
0.969564
-1
0.766922
0.847769
0.802571
0.533073
0.984516
-1
0.633299
0.973466
0.505086
0.976978
0.715604
0.620262
0.486727
0.700534
0.712036
0.772474
0.417592
-1
0.812946
0.858416
0.937242
0.707011
0.514262
0.367022
0.518454
0.9749
-1
0.694872
0.95622
0.933473
0.610304
0.959876
0.477366
0.520707
0.614858
0.333881
0.841708
0.96653
0.623455
0.8478
-1
0.533783
-1
0.923615
0.914344
0.657871
0.719145
0.965706
0.793405
0.135194
0.821269
0.920298
0.759112
0.501693
0.798631
0.717143
0.350345
0.751861
0.68385
0.728432
0.79372
0.425086
0.556152
0.618163
0.829819
0.839993
0.857565
0.438398
-1
0.641629
0.252009
0.890457
0.683256
0.0958542
0.860273
0.670785
0.832506
0.732388
0.458905
0.904478
0.787
0.94893
0.908388
0.464804
0.506134
0.760755
0.911848
0.416827
0.734762
-1
0.841497
0.144883
0.956318
0.870957
0.82899
0.915982
0.835357
0.560493
0.818266
0.569221
0.3815
0.825347
0.987965
0.925356
0.201266
0.871617
0.618474
0.875236
0.902245
0.731265
0.973328
0.846546
0.682537
0.658141
0.479751
0.444202
0.217512
0.64257
0.66018
0.529487
0.291104
0.234161
0.236365
0.73156
0.825981
0.60102
0.634089
0.819554
0.756765
0.406746
0.736855
-1
-1
0.569811
0.402922
0.519759
0.784412
0.886586
0.88142
0.688464
-1
0.595702
0.393048
0.792602
0.669606
0.642672
0.956411
0.589991
0.7953
0.229895
0.604328
0.820641
0.191925
0.99886
-1
0.236643
0.172843
0.908902
0.840951
0.874339
0.299412
0.611379
0.782386
0.493738
0.478476
0.651998
0.551673
-1
0.829014
0.722134
0.309456
0.425969
0.844353
0.775446
0.574668
0.838481
0.460418
0.861256
0.755466
0.925156
0.31393
0.875241
0.996957
0.464174
0.483906
0.655865
0.134397
0.962729
0.88807
0.960893
0.656808
0.988355
0.889828
0.822787
0.964873
0.583253
0.77369
0.890694
0.715594
0.895104
0.935356
0.999658
0.529944
0.725846
0.343197
0.772516
0.927508
0.613863
0.687775
0.60377
0.886956
-1
0.436578
-1
0.655297
0.670312
0.86635
0.635999
0.856081
0.242567
0.601651
0.869888
0.890487
0.843976
0.567433
0.423606
0.823074
0.731783
0.723562
0.885328
0.59497
0.582926
0.72468
0.503401
0.607699
0.624152
0.930468
0.663569
0.564329
0.445077
0.695893
0.498777
0.854577
0.633419
0.789591
0.882268
0.91639
0.884863
-1
0.466158
0.689943
0.922314
0.820361
0.77005
0.790471
0.912998
0.83582
0.91644
0.772107
0.961344
0.837627
0.636286
0.867913
0.986997
0.90008
0.891647
0.181735
0.795193
-1
0.777189
0.5233
0.555453
0.975867
0.446233
0.941302
0.471182
0.525144
0.341208
0.435324
0.514296
0.732319
0.843198
0.864749
0.868995
-1
0.975132
0.930665
0.458433
0.923714
0.54425
0.747802
0.6295
0.921612
0.965019
0.628562
0.655395
0.683744
0.642958
0.807477
0.485002
0.935744
0.80669
0.639457
0.65778
0.626011
0.308468
0.516181
0.715073
0.785003
0.954188
0.724628
0.67348
0.505849
0.73478
0.9098
0.949068
0.646917
0.825569
-1
0.302417
0.502959
0.968861
0.714098
0.979774
0.484531
0.82779
0.834941
0.958306
0.542136
0.343996
0.85476
0.684615
0.555579
-1
0.459325
0.252881
0.56564
-1
-1
0.991132
0.998559
0.614789
0.71038
0.970292
0.656176
0.875836
0.729959
0.911632
0.174295
0.363808
0.694994
0.361856
0.992586
0.57144
0.595656
0.596726
0.47035
0.888218
0.506309
0.686619
0.713896
0.904402
0.994908
0.493341
0.623904
0.551955
0.477393
0.915845
0.856579
0.491347
0.0856357
0.891456
0.749217
-1
0.970396
0.64711
0.868713
0.542671
0.657174
0.887998
0.493069
0.893863
0.983976
0.94156
0.92403
0.739752
0.821882
0.50787
0.829008
0.918517
0.739196
0.852847
0.868489
0.886522
0.96655
0.96389
0.811825
0.949524
0.648165
0.72746
0.556974
0.107676
0.68471
0.827613
0.364977
0.923649
0.858057
0.833458
0.624063
0.928267
0.49226
0.934179
0.95696
0.565701
0.813059
0.587018
0.226034
0.90464
0.17909
0.829628
0.463558
0.377435
0.965032
0.598163
0.220931
0.384157
0.98582
0.350698
0.376929
0.823318
0.536071
0.66775
0.739325
-1
0.902171
0.382361
0.978871
0.885011
0.72379
0.392189
0.880387
0.812479
0.53366
0.99827
0.525959
0.643647
0.70112
0.868228
0.530067
0.256945
0.957813
0.618811
0.940782
0.915198
0.88526
0.343112
0.807674
0.994207
0.8343
-1
0.586924
0.242395
0.979431
0.323209
0.793446
0.605538
-1
0.549127
0.810743
0.436503
0.903321
0.898449
-1
0.987358
0.967579
0.619576
0.437121
0.821153
0.570742
0.9886
0.818373
0.182939
0.696011
0.713042
0.745085
0.456843
0.717284
0.818149
0.737044
0.788914
0.849734
0.68912
0.955271
0.345561
0.650398
0.675629
0.165096
-1
0.957172
0.644892
0.27607
0.966573
0.773147
0.544821
0.506799
0.880518
0.50505
0.986309
-1
-1
0.303487
0.570273
0.574604
0.880956
0.667892
-1
0.892588
0.559253
0.461587
0.174
0.559072
0.823126
0.966107
0.87384
0.79559
0.585044
0.638169
0.761503
0.718015
0.635971
0.546873
0.80248
0.980787
0.931277
0.935036
0.105569
-1
0.951336
0.861871
0.521863
0.99812
0.872016
0.903128
0.450539
0.534033
0.447069
0.693917
0.974089
0.548365
0.219745
0.991391
0.33151
0.528401
0.807675
0.596106
0.658873
0.714511
-1
0.749645
0.985772
0.970584
0.888651
0.515003
0.498229
0.542546
0.790401
0.742101
0.839587
0.900154
0.661795
0.966022
0.723256
0.273698
0.776547
0.571835
0.788756
0.416635
0.879911
0.495231
0.983913
0.923148
0.694932
0.755354
0.547779
0.255442
0.242242
0.819959
0.853963
0.937878
-1
0.933356
-1
0.376485
-1
0.689074
0.614817
0.89544
0.688586
0.259735
0.521032
0.85536
0.852197
0.413154
0.784529
0.999535
0.914074
0.999517
0.947595
0.84506
0.752478
0.998621
0.808729
0.39793
0.789144
0.981479
0.985664
0.954838
0.581607
0.97753
0.60127
0.684885
0.941591
0.463952
0.600101
0.806061
0.997297
0.921585
0.997615
0.293777
0.46821
0.369151
0.818398
0.402746
0.765851
0.565438
0.478858
0.865545
0.88832
-1
0.641008
0.683188
0.788665
0.471108
0.817444
0.672802
0.399661
0.708956
0.989938
0.881547
0.885122
0.579322
0.882884
0.478945
0.818489
0.638717
0.518729
0.780091
-1
0.573203
0.639132
0.286331
0.799169
0.303297
0.475962
0.242371
0.771289
0.604722
0.990989
0.497578
0.612795
0.937939
0.84008
0.606251
0.355048
0.557651
0.822746
0.644981
0.284442
0.811332
0.822066
0.977219
0.975799
0.645663
0.618238
0.510688
0.73836
0.679117
0.773049
0.377445
0.0547876
-1
0.486464
0.71228
-1
0.08582
0.941884
-1
0.55005
0.226258
0.661598
0.859526
0.967781
0.441471
-1
0.251546
-1
0.647498
0.761527
0.817853
0.866114
0.487052
0.240394
0.701603
0.859197
0.356957
0.337617
0.979017
0.749526
0.801365
0.389026
0.716193
0.851493
0.611107
0.58412
0.732324
0.346463
0.292971
0.330878
0.858654
0.437435
0.162155
0.413008
0.481056
0.987184
0.862176
0.613876
0.793362
0.880758
0.828636
0.188608
0.736413
0.926482
0.970979
0.215894
0.422203
-1
0.890179
0.394104
0.516613
0.915986
0.924195
0.438088
0.434956
0.786976
0.634703
0.545666
0.591954
0.677642
0.703828
0.96431
0.633031
0.989077
0.922017
0.868726
0.494046
0.739467
0.542907
0.923962
0.273234
0.0980233
0.761323
0.523845
0.657762
0.555524
0.419801
0.755355
0.698259
0.770594
0.484248
0.525057
0.771497
0.781611
0.70435
0.658992
0.707872
-1
0.727385
0.666756
0.629735
0.517263
0.578481
0.448199
0.605643
0.806297
0.637186
0.915002
0.959213
0.77346
0.878516
0.782832
0.615003
0.853737
0.300747
0.965827
0.881102
0.682162
0.765749
0.699647
0.721745
0.378924
0.996817
0.925476
0.900296
-1
0.841174
0.739934
0.676197
0.592268
0.545408
0.525228
0.947436
0.53775
0.886174
0.643774
0.883095
0.88325
0.99193
0.99634
0.990295
0.512088
0.844312
0.609057
0.28595
0.970315
0.433591
0.895162
0.517681
0.931718
0.915697
0.909418
0.694564
0.753059
0.373416
0.39021
0.974204
0.782723
0.44705
0.9501
0.247091
0.931266
0.973423
0.920879
0.799412
0.719476
0.731875
0.886706
0.278219
0.341773
0.571653
0.747661
0.804401
0.407964
0.466645
-1
0.580845
0.276869
0.51858
0.48896
0.276501
0.841404
0.46321
0.50389
0.486429
0.515424
0.926974
0.502841
0.994396
0.652171
0.895057
0.527727
0.501778
0.029666
0.298003
0.993911
0.932673
0.773912
0.696961
0.79428
0.47526
0.874636
0.977826
0.997597
0.610121
0.428358
0.751491
0.636195
0.842867
0.746387
0.826439
0.681298
0.225427
0.858861
0.280712
0.495996
0.597273
0.777022
0.619106
0.85724
0.76731
0.557544
0.914194
0.430426
0.832609
0.986289
0.201131
0.584734
0.970109
0.499561
0.434822
0.777029
0.574729
0.539333
0.947422
0.581311
0.510334
0.824575
0.71996
0.586941
0.469137
0.679416
0.940578
0.513993
0.32132
0.521021
0.488304
0.836917
0.774139
0.6956
-1
0.946467
0.931678
0.779628
0.477334
0.954937
0.39871
0.373943
0.272078
0.792077
0.530474
0.482702
0.582731
-1
0.616443
0.901457
0.928634
0.640644
0.897971
0.595254
0.482505
0.986362
0.751561
0.855937
0.766101
0.827963
-1
0.696156
-1
0.703952
0.524649
0.144114
0.678791
0.309321
0.798261
0.645621
0.806467
0.856422
0.913456
0.817565
0.59712
0.0743185
0.681975
0.831898
0.932554
0.946777
0.698567
0.928282
0.310639
0.675441
0.616537
0.755203
0.788629
-1
0.897094
0.412282
0.960854
-1
0.497999
0.997123
0.892829
0.610019
0.861209
0.745289
0.173901
0.760197
0.510526
0.977725
0.804906
0.665162
0.388635
-1
0.466058
0.740769
0.632712
0.941207
0.537045
0.943918
0.536386
0.172676
0.537931
0.816567
0.457216
0.713236
0.849568
0.939026
0.820513
0.789164
0.907341
0.915634
0.377797
0.299015
0.597352
0.386848
0.701881
0.801471
0.622541
0.39059
0.985656
0.954045
0.848082
0.51859
0.372875
0.758291
0.322509
0.81636
0.664007
0.314064
0.0972641
0.781463
0.345732
0.992687
0.87794
0.992593
0.85356
0.703753
0.708382
0.883858
0.979974
0.754122
0.884267
0.892813
0.934722
0.973103
0.904898
0.409267
0.805597
0.583066
0.387585
0.720548
0.36711
0.516124
0.217325
0.994816
0.53166
0.843125
0.582798
0.499429
0.487844
0.143005
0.863403
0.547407
0.698731
0.80855
0.56783
0.627398
0.966363
0.932811
0.758317
0.731772
0.433004
0.563825
0.87502
0.917367
0.924353
0.736514
0.784999
0.998178
0.87914
0.921276
0.791465
0.804011
0.696777
0.285727
0.718024
0.58145
0.516593
0.817754
0.739712
0.698175
0.897583
0.757409
0.618905
0.550262
0.707877
0.942303
0.13461
0.357299
0.948774
0.916688
0.335571
0.488503
0.958949
0.842224
0.594181
0.516483
0.244301
0.4265
0.402823
0.68046
-1
0.585925
0.393696
0.77282
0.38371
0.746842
0.951946
0.534443
0.696104
0.995508
0.564188
0.933585
0.673704
0.654248
-1
0.544414
0.410537
0.444039
0.529577
0.242252
0.4585
0.640283
0.880128
0.402129
0.804493
0.475837
0.587858
0.151428
0.863218
0.600941
0.735979
0.311971
0.874794
0.934816
0.941116
0.936436
0.586202
0.378248
0.605808
0.96829
0.946817
-1
0.504801
0.979466
0.85534
0.341669
0.640706
0.805465
-1
0.880969
0.563726
0.894355
0.945569
0.857133
0.630776
0.988183
0.858534
0.543509
0.669983
0.572188
0.315983
0.984445
0.73529
0.932049
0.768277
0.666947
0.747013
0.357819
0.33279
0.947946
0.396426
0.728967
0.204056
0.737986
0.903376
0.597003
0.454017
0.779338
0.987229
0.732441
0.664398
0.998715
0.375739
0.855083
0.277375
0.389764
0.797349
-1
0.81758
0.947618
-1
0.339823
0.641813
0.99538
0.743553
0.839923
0.896563
0.414883
0.823236
0.855583
0.41865
0.341369
0.504629
0.839808
0.659187
0.681257
0.41652
0.649148
0.865519
0.471544
0.773771
0.250608
0.964976
0.894311
0.929265
0.382505
0.371728
0.688476
0.368789
0.523564
0.583137
0.90409
0.523091
0.731209
0.74395
0.87044
0.758133
0.730251
0.594609
0.963227
0.855054
0.58983
0.787087
0.92144
0.370276
-1
0.819293
0.944149
0.949946
0.445262
0.494537
0.802036
0.668745
0.472486
0.71569
0.920492
0.843852
0.985901
0.369537
0.688589
0.314683
0.507261
0.32755
0.605953
0.886204
0.682405
0.695754
0.724975
0.953611
0.534764
0.82538
0.849806
0.928201
0.626984
0.889887
0.930738
0.839814
0.913229
0.474337
0.985262
0.842224
0.960685
0.801789
0.838447
0.437972
0.304431
0.294055
0.524602
0.155245
0.784136
0.429481
0.865244
0.763059
0.638496
0.42763
0.729901
0.641179
0.65576
0.142557
0.907587
0.594124
0.647879
0.787528
0.426892
0.489387
0.669424
0.492322
0.504469
0.462962
0.865538
0.642195
0.851219
0.675841
0.593296
0.7968
0.884487
0.700832
0.709061
0.857951
0.582935
0.987025
0.509746
0.807941
0.655175
0.880629
0.98849
0.802228
0.870826
0.660387
0.504892
0.775061
0.398809
0.718486
0.798898
0.592443
0.753349
0.60472
0.545522
0.458633
0.459239
0.623169
0.858892
0.457766
0.858434
0.339046
0.750367
0.551249
-1
0.640765
0.446787
0.991536
0.809804
0.9989
0.472658
0.812406
0.984032
0.305137
0.910486
0.303395
0.286686
0.479097
0.909068
0.806911
0.531673
0.508877
0.357795
0.660527
0.684011
0.779647
0.328079
-1
0.864793
0.940469
0.896886
0.235911
0.907903
0.704256
0.681587
0.312452
0.537438
0.823067
0.775787
0.367577
0.708346
0.800767
0.888196
0.486187
0.281704
0.806503
0.439698
0.357869
0.391275
0.969869
0.800947
-1
0.445861
0.371961
0.195084
0.408565
0.9145
-1
0.474861
0.264951
0.973395
0.804741
0.697596
0.402381
0.795845
0.962394
0.442631
0.918814
0.480176
0.346259
0.794225
0.491395
0.766927
0.762381
0.379936
0.961641
0.708837
0.88355
0.800534
0.905366
0.781777
-1
0.978781
0.483078
0.858058
0.729184
0.362442
0.861577
0.641636
0.445585
0.424097
-1
0.427485
0.881782
0.463039
0.93928
0.673405
0.483392
0.251074
0.912108
0.966802
0.984891
0.582373
0.967374
0.999637
0.319482
-1
0.577666
0.60392
0.865829
0.225812
0.978715
0.832243
0.297688
0.919942
0.727044
0.824567
0.723315
0.784573
0.636506
0.267143
0.888499
0.748567
-1
0.995521
0.977121
0.211589
0.477222
0.70646
0.558271
0.625608
0.837564
0.912302
-1
0.784234
0.903244
0.923442
0.986595
0.917857
0.759913
0.723513
0.963392
0.800899
0.445164
0.785884
0.867892
0.881599
0.917831
0.710083
-1
-1
0.912139
0.24313
0.652092
0.68627
0.838249
0.665825
0.942874
-1
0.892849
0.588942
0.349948
0.598725
0.821525
0.526176
0.609887
0.123519
0.330539
0.263806
0.786817
0.996113
0.443213
0.843367
0.442382
0.858654
0.643289
0.717154
0.285537
0.945107
0.40032
0.563033
0.520706
0.512621
0.742355
0.854512
0.74306
0.928081
0.527409
0.393286
0.914745
0.712053
0.697015
0.999355
0.870697
0.492344
-1
-1
0.88994
0.953809
0.340662
0.848061
0.745613
0.544676
0.899606
0.405344
0.265488
-1
-1
0.81413
0.767178
0.205785
0.988302
0.996767
0.435738
0.904197
0.837586
0.908208
0.153437
0.993051
0.671402
0.567776
0.456046
0.664308
0.767301
0.538137
0.525279
0.469589
0.509719
0.481323
0.864701
0.90731
0.310022
0.494706
0.576622
0.877133
0.55432
0.412382
0.714398
0.593225
0.781984
0.700434
0.897803
0.277537
-1
0.659294
-1
0.876977
0.867593
0.479775
0.356728
0.713034
0.688936
-1
0.504888
0.303837
0.239712
-1
0.900895
0.537316
0.776079
0.270443
0.863137
0.363936
0.825563
0.957525
0.983432
0.75548
0.82706
0.917553
0.804347
0.968916
0.844018
0.995188
0.640784
0.500343
0.814726
0.976434
0.477532
0.935397
0.579021
0.614063
-1
0.590144
0.771762
0.498215
-1
0.951929
0.784797
0.208086
0.74594
0.42829
0.710744
0.715209
0.703955
0.563594
0.995732
0.894265
0.946029
0.908825
0.877228
0.874117
0.246183
0.168343
0.815141
0.664437
0.778712
0.693918
0.960712
0.802666
0.521806
0.965388
0.996767
0.472651
0.528808
0.771722
0.236003
0.515364
0.999875
0.883233
0.275087
0.152603
0.825898
0.966849
0.294637
0.506047
0.607049
0.933352
0.551822
0.953869
0.679617
0.992109
0.856453
0.241111
0.269444
0.920189
-1
0.419754
0.922136
0.938964
0.568411
0.880858
0.669447
0.277334
0.881966
0.556316
0.936648
0.601659
0.894172
0.957927
0.259459
0.950641
0.550353
0.943957
0.108732
0.517153
-1
0.50313
0.929407
0.791391
0.513504
0.806722
0.692715
-1
0.994527
0.658751
0.965443
-1
0.662872
-1
0.856801
0.508531
0.977546
0.329151
0.47685
0.995733
0.828092
0.446719
0.412614
0.603634
0.778994
0.30342
0.150175
0.957714
0.461502
0.600282
0.701728
0.840996
0.195017
0.422072
0.608403
0.875324
0.153963
0.681764
0.619902
0.838846
0.65913
0.757322
0.858166
0.642602
0.522461
0.623625
0.905097
0.898558
0.625184
0.491249
0.760113
0.755556
0.614887
0.342979
0.794581
0.405568
0.111473
0.733575
0.683146
0.460161
0.984713
0.931386
0.56549
0.888626
0.882384
0.80518
0.964585
0.972796
0.958479
0.690384
0.787353
0.579572
0.586702
0.934898
0.697507
0.601827
0.915767
0.426503
0.46638
0.266288
0.712498
0.851864
0.500076
0.994531
-1
0.657346
0.588129
0.191208
0.653697
0.555434
0.8717
0.959899
-1
0.6556
0.302512
0.662089
0.473239
0.933628
0.773965
0.861106
0.49958
0.616853
0.628615
0.701904
0.553332
0.598436
0.592955
0.846401
0.918411
-1
0.576732
0.727535
0.710993
0.888834
0.562085
0.952173
0.601455
0.919163
0.993638
0.622405
0.432162
0.811464
0.604545
0.880313
0.842908
0.944125
0.265517
0.756638
-1
0.860962
0.219795
0.705608
0.466187
0.474741
0.665778
0.847381
0.736219
0.587578
0.937397
0.0750234
0.975919
0.853141
0.95088
0.895023
0.898977
0.54196
0.322916
0.328276
0.847425
0.399083
0.975843
0.354477
0.51982
0.463653
0.598977
0.790645
0.860565
0.647152
0.925919
0.732291
0.592209
0.719025
0.817896
0.700248
0.722487
0.802999
-1
0.462918
0.45801
0.438971
0.87773
0.582715
0.76456
0.931539
0.594915
0.789339
0.497155
-1
0.832543
0.648694
0.939701
-1
0.713922
0.908311
0.348761
0.468353
0.689302
0.343728
0.28104
0.416637
0.613854
0.914935
0.345935
0.91543
0.7623
0.957012
0.367503
0.46402
0.851635
0.254448
0.814992
0.883687
-1
0.562936
0.971792
0.965267
0.425443
0.187948
0.784405
-1
0.793569
0.607069
0.608183
0.573762
0.218869
0.336913
0.692948
0.685664
0.413737
0.827938
0.813905
0.315525
0.778138
0.87071
0.788901
0.668214
0.856547
0.747462
0.595295
-1
0.238192
0.982933
0.969286
0.704535
0.991275
0.610753
0.646874
0.634304
0.384056
0.975293
0.921187
0.914192
0.217833
0.553091
-1
0.17109
0.991464
0.737597
0.913224
0.93017
0.584341
0.878819
0.190879
0.616738
0.484384
-1
0.258717
0.348197
0.657839
0.605029
0.40193
0.780541
0.993837
0.321432
0.659152
0.543657
0.794023
0.762463
