-12.5588,-4.68062,0.921208,0.708479,667.228
-3.0478,0.997641,0.904936,0.49779,788.237
3.65157,10.5774,0.852623,0.565662,829.332
-2.86824,7.15465,0.949566,0.322587,793.867
7.29787,-2.35003,0.986671,0.356018,846.593
-10.085,4.96709,0.452431,0.788006,789.717
2.57903,12.2812,0.957567,1.14106,717.954
-19.5959,-3.61145,0.759161,0.968306,767.031
-12.7679,4.83801,0.426201,0.499835,721.82
-9.51479,-2.69898,0.695746,0.317077,732.462
3.19622,-6.11783,0.970013,0.351417,740.014
12.0774,-4.62933,0.776062,1.32676,726.163
-4.57983,-8.83861,0.522805,0.239714,693.654
3.16449,-14.9224,0.823228,0.497877,569.174
-12.0784,-5.74617,0.649787,0.620766,724.432
5.11233,-1.92304,0.767008,1.25478,841.867
-0.653766,-16.9912,0.579788,0.283168,665.569
-3.25823,-9.7312,0.658485,0.267611,739.222
0.235921,-6.90547,0.843211,0.268212,698.354
-0.402076,-10.635,0.57576,0.231749,627.405
-0.231328,-19.9032,0.317191,0.378106,807.793
6.17074,-7.47852,0.699352,0.504754,678.705
-5.51746,-19.0154,0.943394,0.220917,617.008
5.41474,-12.7005,0.834846,0.216696,678.503
-9.90051,-17.7333,0.644896,0.478802,719.102
-5.18469,-10.0807,0.498624,0.177612,847.671
0.0445185,-16.2551,0.952526,0.235874,586.118
-10.6697,-19.8192,0.568564,0.224472,842.851
-1.50974,-11.1706,0.663205,0.296441,674.294
-0.691143,-9.62122,0.576673,0.439061,792.352
6.64687,-17.4856,0.474054,0.360494,686.935
-0.865869,-15.9521,0.445336,0.253195,610.005
-3.49473,-15.087,0.960289,0.362449,624.446
2.50851,-4.4657,0.977195,0.290808,828.803
8.50197,3.86736,0.802303,0.265651,709.038
-19.6216,1.54875,0.550438,0.652074,714.45
-1.10547,1.77539,0.332294,0.577026,693.706
6.68914,1.34888,0.94746,0.255722,739.722
7.81718,-6.97972,0.828211,0.35598,755.666
4.15804,-4.18975,0.69322,0.535669,684.192
-6.98556,-11.6674,0.829239,0.319276,693.101
2.75889,-5.11916,0.933772,0.402418,709.921
-0.490134,-13.9914,0.695546,0.31343,725.945
1.06225,-4.16827,0.345134,0.16476,737.505
10.1276,-4.93595,0.803296,0.493732,722.755
-12.951,-4.71516,0.96165,0.673382,718.112
-2.89941,-16.9578,0.789252,0.268471,650.447
0.0506011,-6.55638,0.685592,0.442725,813.854
-4.11104,-19.9936,0.802017,0.464531,825.06
-7.43635,-18.769,0.0675046,0.417669,634.695
1.86388,-10.0243,0.137483,0.31178,685.292
9.24706,-7.2015,0.153111,0.629049,807.035
1.67677,-19.135,0.206687,0.323268,724.038
-3.46745,-4.66106,0.75222,0.244951,569.005
-2.14121,-9.76063,0.509843,0.155508,816.148
-2.36544,-10.2481,0.691676,0.158379,668.953
-3.16918,-10.0501,0.312659,0.15647,760.311
-0.996451,-14.0809,0.822251,0.229246,623.94
2.94719,-19.2443,0.767689,0.433366,604.148
-10.2843,-8.02184,0.788164,0.713482,566.258
-6.05881,-14.4422,0.873738,0.198333,555.677
-1.82262,-0.480394,0.677461,0.305353,698.917
-3.40851,-15.5065,0.362714,0.185242,653.868
-1.53928,-17.8295,0.997534,0.535556,663.744
-1.54684,-13.9583,0.709579,0.192307,799.009
-1.10144,-12.4185,0.737836,0.285033,661.36
-6.27316,-13.8024,0.938491,0.173373,781.495
-5.55287,-14.8903,0.997511,0.269806,646.689
-10.9566,-10.4003,0.941938,0.218003,624.101
-7.40893,-10.4477,0.738307,0.310403,562.172
1.41767,19.0599,0.823881,0.985891,768.142
0.741429,9.89728,0.815765,0.398935,706.851
-1.73835,18.6,0.359694,0.706083,644.065
-2.10156,-6.32814,0.642841,1.09485,729.37
9.82971,-4.06287,0.925805,0.958823,788.981
0.157727,-12.6587,0.676381,0.624149,598.73
-7.21049,-3.46249,0.772656,0.626025,768.222
-1.93909,-13.1582,0.509144,0.619336,738.723
9.22097,12.8373,0.875393,1.52865,816.284
-2.09755,-7.29651,0.918949,0.564503,811.881
-7.25196,-11.5092,0.927843,0.750518,672.926
13.1506,-11.7594,0.906266,0.747696,796.735
7.21734,-14.5217,0.807742,0.320606,728.643
3.76247,5.69823,0.70143,0.395594,704.845
-1.46993,-0.0329283,0.913866,0.373141,780.978
-5.95207,6.97432,0.878226,0.610689,677.472
1.39105,15.5267,0.928674,0.220124,558.967
-4.15694,12.9116,0.585489,0.679613,842.707
15.3972,13.6604,0.59188,0.294619,720.673
2.77214,5.71538,0.405744,0.538169,748.099
9.22361,13.5812,0.770186,0.655328,696.043
10.3444,2.35269,0.741034,0.222378,828.697
13.313,9.57231,0.836366,0.771178,740.267
5.55467,13.3252,0.890593,0.260438,605.489
7.38815,-2.60037,0.786629,0.631421,767.011
12.2168,5.381,0.929088,0.614782,715.876
1.11896,9.07765,0.794676,0.211912,841.48
0.172231,12.6426,0.957312,0.116548,794.64
-5.58681,14.3544,0.943735,0.285387,632.542
7.44496,9.21357,0.848072,0.423634,694.582
14.3599,4.38186,0.819578,0.767081,805.348
-2.44502,14.7037,0.85194,0.268455,571.67
9.33483,14.7874,0.297178,0.0991969,672.899
0.130127,13.2393,0.969777,0.0874224,759.135
8.20298,6.48327,0.5384,0.117266,810.452
14.8758,3.98812,0.604443,0.841358,754.745
4.21295,10.986,0.931062,0.221402,786.292
3.3508,12.39,0.717867,0.251114,694.685
8.388,16.3984,0.892687,0.128323,828.138
1.50778,10.9298,0.780018,0.0794009,643.402
15.0376,5.05405,0.941933,0.486216,660.561
2.67292,12.1445,0.942444,0.262472,775.98
-5.35653,4.21619,0.788385,0.633145,770.313
-3.29896,9.78707,0.725034,0.177036,573.048
-5.8434,9.33011,0.878744,0.276604,709.887
4.52849,10.0739,0.560539,0.274778,635.508
3.88846,12.14,0.573587,0.0758418,714.941
6.4578,6.4376,0.858169,0.453912,731.195
-2.68837,12.935,0.442446,0.221284,577.839
0.59074,11.3112,0.904355,0.156796,841.394
15.6337,0.686076,0.242969,0.961927,779.997
3.80483,12.4101,0.96153,0.254788,625.616
1.96126,13.349,0.75321,0.139598,752.513
4.78336,11.8561,0.650951,0.648767,727.193
-1.34499,12.5222,0.627265,0.162595,801.602
-2.71754,16.8534,0.959128,0.144449,758.178
-3.33889,10.8917,0.427951,0.130131,808.459
-2.05317,10.1167,0.907195,0.0957321,706.253
-0.769461,11.71,0.792836,0.123666,627.358
2.72708,12.2718,0.499636,0.0861261,740.181
1.85851,17.0618,0.595592,0.184611,763.71
-3.22342,19.4463,0.103356,0.351203,664.434
-2.71479,14.6556,0.95318,0.0795039,665.532
-3.09564,16.9153,0.468845,0.138342,551.36
-2.4715,10.3229,0.906055,0.113902,621.124
-0.480968,12.556,0.711003,0.108669,584.755
-1.51689,11.6579,0.82638,0.0603301,660.284
-3.10845,13.0529,0.769071,0.14313,783.629
-2.79368,12.8254,0.561712,0.128351,739.328
1.62739,14.1329,0.923157,0.129136,716.049
-8.10144,16.4877,0.824637,0.521955,588.077
-2.56959,19.0012,0.880474,0.467466,561.203
5.15752,5.77666,0.664065,1.31107,810.504
-12.7463,4.83432,0.904458,1.25329,841.25
5.03196,15.3476,0.576267,0.280081,714.731
-8.95836,12.741,0.694705,0.623644,710.234
8.41644,2.1404,0.561833,0.545202,804.26
3.39055,5.57491,0.564518,0.302521,743.2
-1.30829,9.43146,0.710059,0.281443,722.947
9.55617,2.22145,0.93337,0.461945,740.357
-14.2156,4.68908,0.980639,0.922431,731.502
6.91843,15.4976,0.929986,0.905575,693.11
3.20268,13.1383,0.843667,0.905666,799.552
7.19005,1.00077,0.546538,0.511368,736.537
6.10627,-0.905956,0.584671,0.491241,782.146
2.57676,-4.35871,0.460899,0.462664,758.539
-6.83056,4.20671,0.963211,0.974101,846.435
-6.81325,0.410722,0.863959,0.749335,820.034
-1.81186,-0.426061,0.780681,0.973314,800.233
-11.8532,4.5936,0.789607,0.799695,731.364
-0.166875,8.9841,0.328719,0.450058,835.744
-16.2564,15.7,0.774033,0.846573,693.98
-8.63444,-2.72636,0.690311,1.56452,712.708
-7.61413,-12.2132,0.388729,0.510236,711.604
12.6324,-3.09542,0.360186,1.15958,724.453
5.27763,-9.97402,0.552385,1.09787,824.337
2.73804,1.51108,0.519095,0.447396,824.733
2.10208,6.52888,0.997346,1.30461,817.541
0.635457,0.177632,0.970992,0.291352,747.692
-5.43405,-13.2255,0.9248,0.540615,773.798
1.1392,-8.0273,0.811816,0.385128,762.159
-7.07113,-5.76294,0.67672,0.575506,640.337
-3.64378,-13.7994,0.369584,0.309146,662.717
-4.23403,-5.34595,0.400539,0.419359,642.16
-0.0255515,-6.95412,0.728949,0.389994,838.451
-17.7301,-17.4402,0.851688,0.583043,631.075
0.601896,-16.0333,0.630867,0.285985,759.603
-4.20454,-16.0448,0.903395,0.3863,644.686
-2.24586,-10.5908,0.751664,0.21914,711.492
-5.82765,-11.2998,0.984867,0.15437,812.61
-13.1753,-13.2127,0.464513,0.740804,691.775
4.78677,0.52196,0.988517,1.53478,808.769
-6.5611,-8.49596,0.874944,0.298399,823.622
-2.86209,-5.50428,0.990849,0.320798,683.183
0.82493,-8.50758,0.691675,0.400462,736.92
-9.56235,11.3435,0.739323,1.56843,739.405
-6.81265,-17.2429,0.552952,0.592023,551.32
-6.19799,-14.2096,0.291235,0.213658,797.235
-6.19843,-12.2095,0.916573,0.407757,685.984
-12.6898,-7.35466,0.330175,0.349348,606.477
-8.17165,-16.213,0.832174,0.278809,653.305
-8.65559,-19.9904,0.443436,0.30573,665.371
-3.29678,-5.89933,0.85395,0.213136,801.303
-11.8087,-16.5516,0.49737,0.229771,581.526
-12.2412,-11.3626,0.641894,0.421563,819.974
-6.21618,-13.673,0.785626,0.340123,686.194
-5.84118,-13.9916,0.668257,0.192014,683.948
-15.7526,-14.3191,0.978278,0.233824,786.862
-7.82024,-12.2871,0.580181,0.20606,783.697
-2.06801,-15.6469,0.960691,0.186688,795.003
-8.25445,-11.3161,0.976504,0.170276,635.66
-4.65742,-12.9759,0.471205,0.268878,728.08
-8.08478,-14.8183,0.483319,0.276102,589.926
-7.78505,-11.8279,0.856479,0.147742,707.306
-8.18967,-9.41772,0.890516,0.159389,844.329
-6.17047,-10.6,0.436575,0.174245,776.902
-9.51221,-10.8253,0.665344,0.227256,615.686
-6.81142,-11.7098,0.899563,0.15882,599.168
-6.74579,-12.544,0.911895,0.149085,555.502
-0.951051,-14.1357,0.457782,0.203621,829.386
-8.46086,-14.1282,0.291329,0.238617,688.778
-8.61436,-10.5618,0.640197,0.180735,564.17
-8.13174,-12.1079,0.934161,0.145279,688.6
-8.21078,-12.2346,0.987862,0.145628,575.113
-4.8461,-14.1127,0.509693,0.219791,565
-7.01107,-12.8613,0.501962,0.147119,814.208
-7.80969,-12.4075,0.867215,0.148156,698.562
-8.80172,-19.6018,0.965804,0.295581,649.893
-5.92939,-14.6815,0.703643,0.190914,732.317
-9.13592,-12.4274,0.55244,0.149205,628.819
-7.51632,-12.8326,0.471249,0.166281,616.397
-8.81105,-11.0805,0.409774,0.150755,553.653
-9.15092,-12.0588,0.482831,0.286398,690.94
1.47917,-16.4183,0.948125,0.252484,830.531
-5.4595,-11.635,0.389381,0.24698,834.184
-8.03535,-12.3084,0.709017,0.142993,672.362
-7.90093,-12.1853,0.743813,0.143584,626.284
-5.61891,-10.2705,0.549332,0.164308,589.549
-7.90886,-12.4994,0.841829,0.143811,576.041
-11.1743,-10.7346,0.383573,0.167483,810.948
-7.94292,-12.4106,0.500034,0.143459,614.557
5.52684,-10.9887,0.969639,0.843088,799.158
4.82879,-14.6324,0.201059,0.805594,553.654
6.6516,2.72271,0.441295,0.346272,710.02
-0.710656,17.7721,0.849957,0.395219,703.864
8.15188,-2.84633,0.650667,0.483058,835.055
9.8209,17.3837,0.893425,0.694223,722.13
4.22797,3.73317,0.542103,1.07777,789.309
15.0282,-6.14053,0.973921,0.866282,736.364
6.71457,-6.70434,0.624966,0.213558,800.241
4.43654,-7.02904,0.438851,0.37096,821.55
5.2217,-4.57842,0.905074,0.643869,843.596
-4.77573,-5.92523,0.635414,0.378876,780.864
-3.22146,-2.96239,0.921916,0.232108,796.809
-0.544215,-7.30239,0.588456,0.394095,762.801
-5.40999,-13.761,0.910564,0.590648,575.505
8.05392,-9.51163,0.652505,0.251642,687.143
0.984562,-13.2249,0.87364,0.266872,726.857
9.19796,-4.12266,0.693427,1.10484,595.283
1.36788,-3.67089,0.990477,0.239967,618.137
10.3567,-6.90318,0.693262,0.447874,783.457
7.88154,0.620236,0.728994,0.55861,810.71
-5.93395,-14.9559,0.616116,0.43384,742.172
-6.85521,-1.99268,0.647089,0.831621,741.921
-5.36412,-12.5799,0.429334,0.814123,714.223
2.4671,0.929952,0.988589,0.69605,625.658
-2.44527,-2.11976,0.274374,0.423126,762.966
13.5115,-17.6859,0.359224,0.823381,751.364
1.33814,17.6515,0.63354,0.435886,656.908
3.61824,4.45004,0.311125,0.833728,702.101
15.6076,14.5282,0.337138,0.418759,747.276
-0.216831,9.66014,0.627306,0.663328,792.13
5.35407,5.48208,0.922322,0.643801,769.235
-1.68815,14.4075,0.591663,0.237012,786.877
8.99566,13.9399,0.688419,0.447087,583.953
-2.80797,15.9809,0.214933,0.822963,785.409
4.95755,-0.676387,0.863911,0.19247,811.998
9.48418,0.649781,0.487866,0.549825,821.748
-6.29314,4.76476,0.583046,0.544478,755.773
12.4829,6.70958,0.915997,0.84597,839.287
10.1644,13.9155,0.404008,0.703942,791.197
1.55169,3.14696,0.759625,0.597523,807.276
6.4759,-13.7951,0.535334,1.48568,795.148
-12.8789,-7.56087,0.928303,0.862669,765.673
-7.21587,-7.84112,0.461499,0.556193,689.127
-6.71427,-0.518742,0.424858,0.421637,766.719
-6.23505,9.80244,0.925111,1.02685,822.158
15.8626,-6.15558,0.597813,2.58174,822.388
-10.0543,3.23461,0.977089,0.484113,744
-9.46068,9.20465,0.737762,0.461584,734.171
6.76204,10.2165,0.381413,1.01525,799.13
-3.50769,16.9728,0.341588,0.159717,791.563
7.12576,18.0251,0.771756,0.715071,822.243
-8.19319,15.4294,0.91616,0.146656,644.869
-6.6481,7.51843,0.30952,0.563926,566.082
-6.45886,13.7297,0.104743,0.139383,684.269
-11.9812,16.5919,0.0794858,0.307283,596.992
7.13353,9.19065,0.778527,0.340184,686.351
-0.848988,18.7847,0.667913,0.126302,671.013
1.46145,17.9031,0.38794,0.233654,580.993
-1.21571,2.00821,0.95842,1.18278,832.157
-3.65393,16.528,0.328503,0.236509,762.689
-4.42703,8.80269,0.39805,0.984057,702.656
-7.18397,8.29723,0.540101,0.231935,634.226
-13.3046,9.81355,0.870282,0.383162,610.135
4.4182,8.96844,0.562871,0.271282,740.865
-0.968071,16.5073,0.0508382,0.184112,737.496
-9.23601,8.61693,0.43051,0.806356,747.422
-4.46742,5.09091,0.990959,0.334319,762.607
-7.14908,7.71497,0.58144,0.454919,608.105
-18.0228,11.2811,0.188721,0.52468,583.182
-2.32781,5.73812,0.899224,0.289759,814.711
-8.44369,13.6459,0.556263,0.812068,722.672
1.62075,7.45331,0.88393,0.51156,846.043
2.84956,6.63484,0.455141,0.747823,685.95
-8.16596,3.20788,0.290362,0.395714,700.803
6.96052,-13.1168,0.963692,2.78491,726.465
8.9338,4.89233,0.406632,0.658197,766.038
-9.77321,11.305,0.896168,0.893578,719.148
-1.37105,7.40865,0.726342,0.530973,677.717
-3.88753,-1.65767,0.947823,0.935329,812.961
0.0171098,-5.2732,0.902227,0.235079,780.751
4.38787,-4.10829,0.824323,0.938548,803.636
-2.61917,-17.3867,0.893499,0.685116,809.857
-0.917836,-3.76173,0.539604,0.55113,701.158
-8.38489,-16.3395,0.735741,0.408916,746.667
-4.68468,-6.23528,0.603597,1.19386,794.711
3.34053,-1.64342,0.738848,0.736923,840.79
-10.4064,-12.0856,0.733917,0.807954,698.129
0.522126,-8.63883,0.499861,0.316487,830.05
-2.21734,-9.09139,0.868231,0.382478,720.132
-7.62938,-1.40803,0.787087,1.00168,700.788
-10.4459,9.00236,0.957422,0.90672,773.382
12.0251,1.20525,0.767074,1.62904,816.595
1.67989,-14.6295,0.513133,0.413796,688.762
-18.0321,-5.01015,0.426817,1.2493,631.117
-6.70387,-2.68079,0.426917,0.401071,835.389
-12.8874,-15.0669,0.458932,0.277194,616.306
-11.5158,-14.4985,0.163632,0.293693,841.359
-3.65507,-16.8467,0.32096,0.326344,813.842
2.97627,-11.5134,0.518432,1.47869,582.157
-10.582,-8.61458,0.615237,0.896357,579.492
-19.5957,-9.35756,0.737613,0.901707,791.073
-2.29649,-19.3588,0.658912,0.643851,677.267
7.04197,0.43943,0.921364,0.286245,707.129
7.01977,0.34955,0.81602,0.233845,821.323
5.73114,-1.58864,0.204513,0.443446,686.658
2.51818,-3.43806,0.812395,0.358595,740.113
-7.75974,13.2849,0.798806,0.809637,833.32
3.51552,-7.22107,0.670739,0.381713,750.366
5.67432,0.0376787,0.902148,0.265846,782.716
-8.33587,-9.38174,0.462898,0.760305,723.578
-2.20231,-4.14575,0.850897,0.290239,788.742
3.23306,-11.3122,0.88718,0.41164,742.972
5.51819,-4.38918,0.852958,1.52389,715.823
-4.13808,0.68277,0.684316,0.551943,735.572
-3.00729,-14.3301,0.949211,0.305594,640.957
-0.137529,-12.6678,0.855203,0.225248,611.332
9.84638,-3.10974,0.231902,0.80699,746.101
-1.07652,-14.2458,0.782358,0.646673,709.317
2.14309,-4.41904,0.737436,0.332773,731.807
-4.07551,2.25709,0.681483,0.492489,730.976
-11.1044,-13.5733,0.651592,1.45138,739.152
-5.46509,-14.9138,0.457282,0.287802,558.56
-4.49751,-7.72914,0.49629,0.281694,834.6
-8.76784,-11.6329,0.536208,0.369146,836.718
-12.6931,-13.599,0.288087,0.549231,804.163
-9.57529,-12.3925,0.984262,0.375351,794.226
7.12781,-10.9408,0.264075,0.465927,602.955
-7.99491,-14.3171,0.569185,0.422962,678.823
-10.2489,-12.0632,0.337425,0.402559,821.948
1.92955,-13.8393,0.53114,0.284337,716.387
-7.47325,-11.1474,0.79966,0.206562,581.453
-1.49919,-10.3042,0.147115,0.313682,835.645
-12.4333,-16.9771,0.8864,0.538797,707.671
-6.80662,-15.5394,0.949946,0.462384,572.944
-7.11054,-18.2383,0.755296,0.64825,636.593
-11.6823,-13.4155,0.704409,0.687547,838.646
-0.0556095,-6.85048,0.836887,0.462109,747.636
-9.08218,-1.98394,0.881238,0.369337,817.608
-12.6468,-11.5022,0.990141,0.401594,719.297
-2.40521,-18.3452,0.955443,0.617363,576.234
-2.55939,-15.8188,0.403376,0.320265,551.001
-7.21619,-9.09078,0.393016,0.416912,740.3
2.81306,-15.7503,0.991335,0.324327,773.56
-19.2635,-16.4148,0.947157,0.27123,722.683
-6.56068,-17.0788,0.481422,0.191932,761.944
-3.45246,-17.3641,0.780972,0.193104,569.112
-6.81309,-18.7344,0.750105,0.175229,689.61
-6.5101,-19.5749,0.422692,0.195646,616.583
-5.34238,-12.5621,0.927352,0.261844,843.149
-4.2987,-16.944,0.653585,0.21082,736.085
14.1568,-9.74775,0.677207,0.571886,740.288
2.90035,1.62402,0.851964,0.465365,695.1
7.81786,-2.08607,0.95955,0.47618,844.025
7.566,-13.3531,0.541517,0.45147,718.443
-4.34844,-13.2246,0.879693,0.376449,724.626
0.62629,-15.5715,0.696437,0.338212,720.971
6.18772,2.37441,0.91338,0.871256,723.134
10.8147,-10.9163,0.938595,0.84245,724.271
11.7668,-17.5018,0.235738,0.95097,781.896
7.45394,-18.2855,0.931512,0.344062,836.05
5.83881,4.51236,0.69405,0.851002,805.225
-0.0190241,-6.78838,0.362985,3.03949,778.663
5.32696,-19.8458,0.895225,0.491019,785.961
-1.88679,-9.55103,0.891042,0.265918,763.198
0.948583,-16.1923,0.947927,0.397286,606.171
-10.5565,-14.1024,0.797211,0.476982,738.028
7.43569,-16.894,0.719489,0.868754,592.769
-4.79375,12.8456,0.517716,0.296986,767.187
9.04471,14.6661,0.606169,1.32376,822.351
4.07619,18.2524,0.887575,0.796511,714.391
-11.3208,17.1254,0.602075,0.275573,839.466
0.94961,7.14731,0.915913,0.448967,835.887
-2.60125,16.0925,0.675577,1.78544,758.779
1.92062,4.32237,0.878949,0.939273,730.846
-16.438,5.34254,0.390899,0.812429,798.877
-13.7035,1.29507,0.68919,0.333461,786.759
-2.3744,-9.55546,0.545402,0.62294,824.229
-5.35753,-12.3644,0.571521,0.261155,560.178
-2.85802,-12.8703,0.0931946,0.393016,657.183
-3.01823,-16.043,0.657037,0.313253,558.145
0.246899,-12.1077,0.346899,0.298641,770.917
3.4834,-15.6697,0.302711,0.576411,618.931
-0.913864,-15.1021,0.981865,0.491577,688.202
3.26031,-9.85641,0.897949,0.295638,732.121
-5.92464,-12.7872,0.641743,0.241658,714.516
-5.34623,-15.8856,0.386106,0.374093,557.515
7.92529,-19.2409,0.728867,0.243103,815.601
8.82659,7.09509,0.620365,1.24107,793.529
14.4404,-15.5201,0.665655,0.497022,794.977
14.1638,5.02897,0.949736,0.355949,714.172
-4.11704,2.67947,0.603567,0.409392,826.681
11.0451,5.25211,0.864035,0.427228,717.088
7.33577,6.69866,0.91594,0.769324,762.357
1.15416,3.0912,0.877865,0.317723,773.159
12.0225,1.74929,0.746763,0.366207,724.357
10.2417,3.58903,0.5572,0.506582,794.537
15.844,-10.851,0.716313,1.49118,816.119
15.7205,10.1254,0.666916,0.805974,738.863
7.92922,9.07253,0.502102,0.530521,731.43
8.4877,-11.7931,0.213312,0.672971,812.376
-3.76918,-13.9646,0.347619,0.347123,635.704
10.7731,-4.99289,0.442395,0.471083,728.559
-3.09472,-2.71346,0.237675,0.652382,765.804
-3.29684,-15.9434,0.665837,0.314886,819.976
3.10374,-15.7343,0.717307,0.270531,845.028
8.26775,-18.1304,0.598321,0.386299,795.619
5.76776,-13.7965,0.709663,0.812709,655.314
-9.74361,0.557407,0.587836,0.585986,763.856
-5.07454,-16.8957,0.527659,0.318291,611.588
1.32251,-19.4277,0.49441,0.307506,776.964
8.46709,1.73536,0.856238,1.39769,839.251
2.63781,-17.5172,0.418526,0.257858,717.199
3.60344,12.8106,0.967531,0.304228,750.402
-19.4449,10.3235,0.797484,1.01774,720.259
-2.42599,16.408,0.489661,0.93904,718.067
-7.38625,1.73262,0.968295,1.73517,783.42
5.55414,6.14551,0.843941,0.370313,728.89
-4.74069,9.83012,0.307216,0.61037,845.792
13.93,-10.5467,0.752569,0.582262,775.428
7.88576,3.21607,0.758255,0.806121,775.704
-2.54913,13.6427,0.785332,0.644087,848.31
13.2168,-14.7025,0.438685,0.759217,761.705
-7.95254,0.6086,0.849405,0.459516,774.49
1.55593,11.3587,0.553895,0.157561,835.394
-1.20863,14.7293,0.747075,0.74133,735.388
8.52517,1.82067,0.131533,0.19177,742.362
9.85906,16.9557,0.976693,0.300306,715.013
-4.86517,8.7259,0.889823,0.277903,658.415
1.23,12.864,0.375091,0.14227,678.826
-0.220692,15.029,0.311787,0.228875,598.082
2.46488,15.5473,0.991935,0.124968,741.327
2.4426,9.33734,0.834195,0.357853,790.994
-4.34222,14.5111,0.521382,0.928264,619.406
13.6755,7.50855,0.88765,0.632453,686.317
7.45414,7.98407,0.376908,0.158403,711.58
3.71301,5.29755,0.97198,0.440408,791.671
9.58792,-15.1293,0.572783,0.541319,766.283
12.0726,0.82474,0.958391,0.395549,717.559
-4.64907,-1.33517,0.890305,1.42734,786.002
-1.35255,4.38291,0.884004,0.407141,680.191
-6.51993,1.98429,0.729958,0.249154,704.586
-4.77263,1.06185,0.958481,0.277389,767.826
-1.38549,1.44672,0.417353,0.23047,725.977
-5.63178,-1.78153,0.98738,0.470717,843.415
-0.870745,-2.58534,0.821234,0.493148,825.526
-3.80332,-3.18724,0.662518,0.332761,713.168
-3.32655,0.349128,0.837842,0.197347,725.185
6.16445,1.23729,0.77218,0.484848,733.609
-0.880596,0.184917,0.789953,0.59617,845.17
-13.0753,-3.44379,0.791886,0.447984,712.195
17.8987,-1.73496,0.517686,1.91596,773.164
-10.8031,0.717092,0.641661,0.910951,763.101
0.981029,-15.8723,0.482262,0.760413,783.816
-4.21975,-7.94965,0.796833,0.649442,794.721
4.12639,10.4744,0.922402,1.32215,817.463
-4.78322,17.6914,0.39284,0.611782,631.108
-4.28344,-1.12103,0.491907,0.619148,690.84
0.221469,-1.93013,0.265808,0.474628,841.841
-1.14748,-3.55444,0.627319,1.95357,741.717
0.144393,-16.0783,0.814257,0.984246,736.792
1.47424,-7.62742,0.574349,0.355053,697.853
0.636593,4.66121,0.615256,0.758359,815.857
-12.8236,-15.9956,0.751494,0.586434,751.662
-5.58322,-5.22311,0.87867,0.34518,818.786
-4.92572,-16.5308,0.96955,0.602938,640.962
7.94068,-14.2193,0.499387,0.761231,671.209
1.20433,-17.3143,0.482879,0.273732,720.382
-10.8499,-11.2664,0.454128,1.06095,809.843
-2.13283,-17.1946,0.915038,0.543748,606.95
1.42575,-11.6707,0.536482,0.377706,732.813
-5.94928,-15.0123,0.801758,0.234512,809.354
-1.43005,-14.6875,0.441906,0.274715,705.116
7.70494,-17.0257,0.749018,0.326646,647.971
-6.2338,-14.3514,0.850687,0.412831,703.661
-4.03646,-11.8979,0.838379,0.250999,656.624
-2.34032,-11.1495,0.789069,0.343733,682.124
-7.00086,-18.3054,0.842902,0.368208,560.237
-1.26714,-7.07573,0.992817,0.239846,759.942
1.23833,-13.2955,0.448014,0.235599,836.511
-5.7495,-19.04,0.48536,0.255967,793.63
-6.19835,-8.72889,0.525511,0.299596,659.257
-1.11242,-10.4429,0.681176,0.238978,820.34
-2.33505,-17.8473,0.700581,0.195253,659.909
1.19188,-12.8828,0.432381,0.292806,573.34
-9.23114,-14.0015,0.754954,0.270537,586.255
-2.8231,-15.3401,0.79893,0.301188,760.881
-6.11813,-16.0021,0.891294,0.473967,782.938
3.13217,-17.9927,0.553425,0.346254,565.036
-11.2122,-16.7286,0.803312,0.465492,703.803
5.2494,-10.9651,0.715662,0.694289,812.249
0.83306,-8.56977,0.81975,0.431292,629.55
12.4972,-8.31973,0.774624,1.19064,848.35
-1.18492,-13.6203,0.969087,0.730469,778.077
7.54086,-15.697,0.593691,0.484143,701.751
-14.4908,-2.75927,0.853173,0.696481,771.097
3.76647,-14.6941,0.787685,0.329923,824.557
4.712,-15.5257,0.668164,0.530615,808.364
-6.00214,-7.85662,0.245502,1.70734,690.628
3.998,-18.8062,0.601306,0.478285,649.477
2.78106,4.6234,0.74199,0.508883,802.321
3.37579,-5.15243,0.661906,0.281413,740.36
6.60571,-3.06807,0.94239,0.306651,748.049
0.318018,-2.71109,0.690551,0.65431,818.611
13.8385,12.6744,0.910188,0.953578,722.752
7.34863,-7.45763,0.455471,0.316489,786.04
17.2838,4.26463,0.827874,2.53943,714.051
5.08305,-8.81395,0.621426,0.610782,847.813
9.7894,3.75061,0.589016,1.30567,822.898
-8.3255,7.62523,0.679331,1.829,743.633
6.96687,-18.3023,0.134254,0.937058,736.281
-5.86956,-8.0834,0.601204,0.636486,728.099
-18.8114,9.81391,0.830858,1.54726,720.562
-10.2777,-10.6478,0.692139,0.494984,551.05
-6.65891,-5.72118,0.958488,0.529643,617.012
-4.39478,-18.9865,0.75094,0.541314,812.649
-4.78271,-11.0988,0.868149,0.666067,785.358
-4.65558,-18.7944,0.637913,0.401366,705.614
-2.56986,-14.0249,0.63792,0.312867,661.348
-2.32786,-14.4585,0.632392,0.383384,726.507
-7.76458,-15.4999,0.663539,0.825791,654.061
-0.637647,-18.0631,0.790405,0.284723,764.783
0.0327469,-17.6243,0.897919,0.315823,568.545
-5.63097,-19.6934,0.774618,0.321045,728.018
-6.66292,-16.4859,0.848151,0.256416,717.387
-5.38088,-9.46498,0.782656,0.362015,685.486
-9.01444,-16.9253,0.959299,0.349012,644.957
9.18737,-8.25055,0.574742,0.493243,793.089
-3.72527,-10.7465,0.737727,0.369294,702.883
12.7132,-12.5227,0.179206,0.460505,670.046
5.58907,-15.1655,0.980778,0.225586,742.672
3.01088,-11.5939,0.708623,0.540677,663.641
2.17095,-11.7477,0.767756,1.00787,684.234
-8.7202,-9.14215,0.966662,0.770339,705.149
2.55925,-19.938,0.957193,0.64266,706.484
-7.89625,-13.0701,0.786374,0.722244,722.57
1.24856,-18.0499,0.778419,0.277929,768.26
10.4848,-11.8586,0.661044,0.595812,775.069
-10.6267,-5.97981,0.960707,0.490512,776.486
-12.6104,-12.0512,0.735097,0.428066,569.753
-11.1744,-7.66768,0.983297,0.361259,637.68
-3.29971,-12.3677,0.835315,0.287912,829.716
-7.5921,-9.0213,0.683444,0.807617,795.53
-2.4486,-12.2835,0.636734,0.666261,849.234
-0.0710472,-2.19622,0.59179,0.610258,814.176
0.219659,-9.29975,0.785289,0.432864,805.769
-7.15701,-12.4384,0.802086,0.407573,684.432
2.77934,-7.2689,0.776697,1.40843,756.015
-1.23835,-14.2557,0.325974,0.29647,845.771
7.29865,14.4827,0.758643,1.46589,778.77
1.61245,-17.1018,0.844397,0.321362,592.393
-0.346495,-16.1761,0.787262,0.441363,700.81
1.45515,-14.6549,0.665018,0.444699,817.551
-12.7352,-8.67495,0.727537,0.598997,762.004
0.3656,0.285988,0.173922,0.515935,653.461
9.92816,-12.7036,0.214245,0.419688,561.043
6.20306,-12.5413,0.661885,0.342448,677.348
8.26713,-9.20691,0.400586,1.22984,722.246
5.91306,-12.0468,0.750084,0.455706,565.791
5.80846,-15.4511,0.592493,0.380297,712.116
4.93681,15.5726,0.752997,0.333412,806.412
-0.272782,6.90328,0.601507,0.163708,691.886
-0.202646,19.8901,0.590326,0.276245,636.394
5.0217,11.9836,0.948627,0.284607,693.374
3.9627,7.87026,0.890602,0.296585,849.81
13.3174,0.207974,0.876451,0.82984,823.363
10.0629,2.18703,0.47682,0.238334,778.245
7.4979,1.52512,0.507978,0.444996,843.873
-6.72057,5.44699,0.572374,0.243961,830.01
0.0826203,14.9101,0.849621,0.21236,762.683
7.15304,5.59122,0.139548,0.236279,753.001
2.19945,0.941986,0.728072,0.142777,809.785
-5.56098,-0.897534,0.459176,0.392349,796.455
2.35585,3.15523,0.68641,0.407679,702.754
-1.51499,-1.80028,0.212972,0.181505,807.854
11.3933,-0.979302,0.897802,0.381016,833.95
1.25924,5.03014,0.663173,0.311708,750.037
2.10269,-0.952998,0.192848,0.129075,798.206
-0.0158348,17.3951,0.67777,0.976404,829.319
1.29746,6.80837,0.401905,0.405493,790.437
-3.71573,-4.7584,0.159264,0.235379,769.23
-0.170959,-5.39443,0.56495,0.373073,715.127
-0.974038,-2.67141,0.182086,0.190991,775.555
4.25903,6.71597,0.354296,0.314109,669.153
-0.793729,-5.79256,0.145233,0.333683,826.687
4.4389,6.43324,0.718553,0.449179,793.892
0.0296843,0.130069,0.747289,0.25632,772.019
2.85055,0.719945,0.999918,0.345424,728.897
1.18727,-4.20393,0.663263,0.308944,756.502
-7.74329,-2.1754,0.662888,0.64326,825.735
1.60503,1.96869,0.815356,0.289711,699.085
0.791733,-2.3137,0.908704,0.149265,808.622
4.26076,-10.9434,0.531826,0.216287,708.686
3.18715,-9.34131,0.723097,0.1886,728.501
-1.71299,1.6791,0.931354,0.278158,801.614
2.49891,-3.41556,0.750101,0.392642,785.978
1.17431,-3.17678,0.294683,0.173484,778.161
12.7169,-12.3327,0.844244,1.90539,679.274
3.84954,2.74786,0.947615,0.229812,709.973
4.84963,-2.34113,0.237413,0.135084,662.199
8.89031,-4.72229,0.879566,0.401421,730.468
-1.31897,15.8528,0.189845,1.02834,790.313
-7.89282,0.311618,0.646724,0.485198,751.552
-0.0337078,10.9011,0.950792,0.421818,686.449
4.63016,6.51873,0.958952,0.81535,808.553
-4.81661,-3.46613,0.540441,0.18708,739.029
6.7996,-4.30745,0.734308,0.537175,727.041
-5.15201,3.99563,0.822196,0.192249,719.757
9.07569,16.6637,0.468054,0.812384,801.424
-3.59392,-18.9523,0.726622,0.314977,799.806
-6.55829,16.7783,0.888159,0.823768,759.121
-5.98477,-13.244,0.675024,1.37263,776.244
7.19388,-16.6181,0.925998,1.23492,716.48
-19.8469,0.604165,0.947796,0.479961,810.042
7.25941,6.90786,0.792927,0.471334,807.097
2.48648,-1.36188,0.90654,0.300987,800.925
-8.45078,-15.2483,0.452549,0.499865,748.905
0.0617636,0.503965,0.923889,0.421536,788.083
3.20929,-5.98309,0.898404,0.436838,838.421
-1.20258,-7.43585,0.453546,0.467552,801.691
10.2597,-5.27053,0.633454,0.699955,747.562
-1.17695,3.24284,0.971239,0.315754,730.528
-2.7221,10.6019,0.813644,0.187131,769.104
-5.62791,0.190044,0.3857,0.449604,809.551
-8.22649,-1.84568,0.809941,0.259802,757.907
-17.3853,0.918085,0.807058,0.67206,813.633
9.9206,14.7432,0.233824,0.509472,744.8
-4.24785,1.40356,0.81804,0.56075,784.597
3.10108,4.18818,0.796632,0.177824,841.884
-9.94663,3.62093,0.307377,0.487744,730.076
-2.0759,-1.96708,0.712916,0.257112,797.769
-17.4652,-3.96454,0.560283,0.723475,717.983
3.42427,-6.18964,0.939738,0.927005,811.546
-16.8909,-3.40278,0.568206,0.397197,845.87
-3.82854,10.1143,0.883341,1.30814,726.087
-8.24862,1.42205,0.857433,1.1373,747.954
-11.166,5.33826,0.398398,0.863163,705.707
4.46109,-6.15041,0.342017,0.445947,585.204
9.48318,0.36662,0.979435,1.0434,761.204
7.31734,15.9765,0.728405,0.117251,701.608
-3.59973,12.4705,0.180349,0.966627,729.257
1.12644,10.8851,0.688802,0.174891,699.545
1.86913,18.4295,0.804137,0.281333,840.608
-4.57131,17.7072,0.841576,0.28574,833.423
1.0828,6.74107,0.580999,0.784293,841.783
5.65567,9.55246,0.825299,0.249812,777.958
4.46179,19.6128,0.444061,0.511988,775.744
-2.23104,10.5675,0.616821,0.229813,580.855
19.1742,4.72698,0.698933,0.326301,740.246
1.45954,15.4105,0.730457,0.58412,735.892
-1.0586,1.31558,0.930004,0.400098,732.742
8.26269,14.7554,0.879883,0.449665,560.591
-6.48018,4.9672,0.93029,0.617333,705.109
8.85699,8.92212,0.989108,0.36678,685.285
13.1483,11.4837,0.903356,0.317327,713.811
5.58155,6.60793,0.823671,0.152883,848.823
6.72552,7.56555,0.720946,0.573473,795.32
-6.99019,-4.02405,0.90713,0.426741,783.554
3.85921,-5.01827,0.510428,0.419984,793.822
-3.56315,-0.696323,0.907026,1.05845,789.236
0.510373,-9.21161,0.772976,0.454163,842.076
-0.933854,5.08439,0.662075,0.304346,691.879
9.47277,14.0239,0.63608,0.573526,683.271
-8.34809,6.30678,0.554997,0.425349,848.511
1.00713,12.4577,0.856475,0.60621,791.194
6.65753,0.0747376,0.82852,1.02194,808.7
-17.9954,13.6972,0.476011,1.3188,806.751
-19.6298,14.7287,0.233976,0.725386,707.967
0.615692,2.16368,0.971239,0.254197,802.105
-9.9176,17.0299,0.658199,0.288325,669.725
4.44353,17.216,0.92671,1.05766,689.947
-2.42233,0.521671,0.976913,0.413638,779.91
-4.01916,11.4457,0.695734,1.0974,831.328
-10.8419,-7.0552,0.551936,0.370229,674.742
1.44528,7.80515,0.382506,0.653818,704.684
-11.8986,9.22972,0.347593,0.774826,730.775
1.95928,-1.95932,0.36282,0.232879,764.223
-3.32527,6.26689,0.872582,0.19818,780.352
-9.01882,8.39561,0.288435,0.189932,667.103
12.1939,-5.03416,0.713984,0.585813,817.52
-5.95675,1.42351,0.917248,0.205057,739.012
-9.14335,6.07008,0.877321,0.139981,791.715
-5.73685,5.27404,0.759863,0.104215,696.145
-1.77474,-6.38336,0.55116,0.243642,767.062
-1.14167,5.37687,0.925813,0.179692,778.37
-5.89752,3.1976,0.876788,0.13794,607.426
-3.18756,6.07075,0.83058,0.121474,624.481
-13.8262,2.76241,0.662767,0.248807,845.905
-4.5929,4.61512,0.694331,0.127596,656.897
-0.752127,2.43438,0.89425,0.110543,729.523
-1.8757,-6.05547,0.347893,0.275637,767.867
-12.6418,0.941067,0.726206,0.178315,675.381
-2.77744,1.58701,0.470412,0.112407,588.979
-3.51151,5.11892,0.795634,0.130959,585.02
-3.75197,5.51645,0.649802,0.187839,622.935
-2.58755,0.197141,0.93035,0.105991,553.059
2.61482,-0.471889,0.898512,0.205839,561.603
-4.52028,2.09007,0.709913,0.120337,675.87
-3.00328,-1.10554,0.303135,0.0977964,576.62
-2.11625,1.22147,0.683131,0.0946454,647.988
1.55735,5.72043,0.443185,0.172363,632.533
3.13479,-1.62169,0.899045,0.824789,708.802
-2.81661,2.44064,0.65676,0.0951372,643.375
-4.11785,-0.24967,0.702714,0.0919397,588.39
-0.40857,1.11053,0.732828,0.138129,576.792
-3.35735,1.24409,0.824187,0.114565,559.072
-5.71857,1.04071,0.336904,0.101656,664.303
-4.30511,0.0935967,0.502282,0.0937686,688.863
-1.47769,-0.709341,0.672282,0.0973618,835.102
-2.93061,1.91927,0.878606,0.133657,685.874
-4.91059,-2.31431,0.907869,0.126566,638.311
-1.18053,3.14482,0.971418,0.116662,833.347
-2.14469,-0.937894,0.677662,0.11277,598.548
-1.05021,-1.01322,0.721641,0.180778,563.679
-3.14717,4.28948,0.923347,0.202302,703.276
-3.14103,0.567377,0.686761,0.0891405,811.844
-2.6038,-0.174768,0.617542,0.0895965,633.511
-3.08779,1.87091,0.756908,0.128553,722.159
-3.30925,-0.360992,0.473126,0.0943917,804.485
-5.77859,-3.27717,0.361504,0.147763,556.556
-3.03008,-1.05113,0.656127,0.120094,552.955
-2.99796,-0.0784088,0.875687,0.0883297,588.91
-3.42613,-2.92544,0.697755,0.108424,798.793
0.62435,0.421503,0.763504,0.113173,639.91
-3.02631,-0.290498,0.697727,0.0879818,711.05
-2.95631,-0.110894,0.292692,0.0933963,665.294
-19.4451,1.70889,0.999356,2.2362,815.533
-7.5163,-16.8243,0.845735,0.365035,802.822
-1.83202,-4.21589,0.593041,0.209064,681.133
0.439884,-14.3469,0.640147,0.759947,790.603
0.121703,-6.10073,0.95714,0.548351,803.338
7.53186,-7.76986,0.950491,0.477335,777.022
-10.5251,-9.23486,0.836504,0.430648,772.597
-6.29486,-1.67789,0.706004,0.406359,728.034
-11.0036,-15.217,0.697648,0.247248,835.705
15.421,-12.2478,0.340112,1.26767,761.977
-6.27403,-13.924,0.774502,0.205267,597.495
-2.22975,-16.6729,0.667439,0.46316,588.643
-3.76799,-13.7622,0.298396,0.285008,597.812
-0.618786,-13.3287,0.344958,0.344657,829.808
-5.4468,-13.951,0.960872,0.46598,560.898
0.759828,-16.3126,0.452058,0.761351,630.697
4.83999,-15.0042,0.640764,0.352337,723.331
0.753624,-12.9709,0.776184,0.229919,835.548
-3.48981,-15.0936,0.92793,0.270916,816.869
-1.64637,-19.2764,0.499119,0.229095,596.198
7.14521,11.2903,0.656453,0.173566,612.003
-10.4803,6.78556,0.389577,0.943594,813.54
1.76338,13.5544,0.708971,0.372162,717.212
-0.963046,0.978275,0.716389,0.568269,731.052
1.58954,4.77781,0.993275,0.47419,798.024
-4.71418,-5.23413,0.617004,1.00714,761.094
4.85618,-5.41957,0.741129,0.222137,591.374
2.08223,-2.56592,0.589966,0.210382,703.527
10.9034,2.35134,0.71117,0.439498,742.338
6.85693,-14.361,0.472706,0.259724,643.144
5.96226,15.0922,0.698515,1.88419,746.526
4.36106,-7.36356,0.117254,0.28939,587.915
7.03034,-0.190656,0.90073,0.386126,703.581
2.41822,-12.3234,0.874386,0.201492,711.198
7.20738,-2.30313,0.999368,0.348549,762.54
5.34001,-9.16625,0.78035,0.180106,801.156
0.315703,-14.9844,0.402458,0.203894,761.335
3.72555,-3.42756,0.678936,0.3119,662.325
2.97941,-18.7024,0.280545,0.374672,771.379
-0.987607,-11.4121,0.839688,0.393661,669.737
5.09225,-10.9774,0.961885,0.20059,679.779
2.20713,-5.49589,0.640034,0.544913,677.294
2.91935,-13.6685,0.483146,0.172924,813.219
8.63148,-13.734,0.774221,0.51547,585.32
-1.86935,-15.7175,0.924847,0.386559,698.984
2.81016,-13.1848,0.822698,0.177321,552.696
-1.23327,-12.1285,0.900931,0.325141,775.497
3.94177,-14.3504,0.712941,0.184342,616.368
5.32958,-14.3975,0.479576,0.397515,720.292
4.52495,-14.3854,0.362831,0.330591,649.455
2.92148,-17.0642,0.314842,0.23925,822.651
1.55908,-18.6063,0.485454,0.170308,712.908
-0.0947283,-11.4975,0.99275,0.328858,745.287
2.84814,-3.26246,0.901303,0.365948,687.534
0.479947,-14.1991,0.466771,0.303709,734.61
-1.30447,-17.7037,0.411367,0.194233,841.609
-6.2753,-11.8204,0.816433,0.470362,747.823
2.74557,-15.3731,0.564733,0.216457,833.592
1.64575,-15.4742,0.873405,0.170192,662.341
9.28991,-15.5712,0.619353,0.571334,736.403
2.48803,-15.6327,0.831031,0.190886,788.994
0.437567,-16.1246,0.786118,0.188055,559.933
3.72477,-16.4498,0.819124,0.191679,601.732
2.80138,-12.3529,0.837485,0.206894,815.086
0.477633,-15.7368,0.637502,0.158834,691.769
-7.66481,-18.5869,0.890596,0.476659,708.531
1.47246,-19.7584,0.938289,0.156657,726.351
4.34584,-15.9012,0.483947,0.199314,623.054
2.08826,-15.7636,0.519551,0.233493,555.755
1.20661,-13.6896,0.266551,0.193732,748.759
-1.06316,-19.3417,0.87925,0.176264,726.317
11.9483,-11.229,0.242006,0.451206,659.171
-0.00817767,-16.825,0.251511,0.200665,694.585
1.23402,-18.5512,0.666871,0.175323,562.745
-1.33524,-16.7717,0.769227,0.156642,684.108
-1.97253,-17.2063,0.957631,0.154124,641.164
0.789097,-15.8237,0.943975,0.261432,566.233
-0.481568,-17.1055,0.899737,0.167868,560.997
-1.98441,-18.7921,0.936263,0.378669,601.49
1.06622,-18.5387,0.657305,0.154005,825.258
0.947954,-18.5567,0.777293,0.157922,818.191
1.46511,-18.0282,0.842538,0.286031,656.664
-0.789287,-17.7997,0.93953,0.156202,634.211
-4.57074,-18.3181,0.583698,0.164526,757.057
-1.6929,-17.1662,0.743605,0.149522,760.492
-0.631757,-15.2705,0.964551,0.158585,704.497
-1.97615,-18.7973,0.510275,0.182614,562.681
-1.45219,-17.0863,0.583296,0.14841,555.323
5.63475,-14.8072,0.201566,0.357565,657.294
0.995594,-15.7204,0.473957,0.297276,820.128
-17.015,-15.7635,0.603864,0.408302,577.86
-1.53355,-19.641,0.586563,0.237716,620.581
-2.96363,-17.4075,0.936237,0.158087,843.368
-1.72908,-17.337,0.725505,0.148073,557.411
-2.00651,-17.5465,0.936201,0.155145,792.977
-0.466798,-16.6927,0.386063,0.159703,638.374
4.27252,-12.7406,0.878861,0.294271,824.581
-2.10303,-17.4922,0.776916,0.169768,791.3
5.62094,-17.2152,0.948619,0.476261,720.58
-3.57202,-17.4193,0.680109,0.155669,730.879
-3.27216,-16.2434,0.175267,0.162451,739.864
-0.755259,-16.2046,0.751497,0.16448,752.836
-2.27007,-17.1022,0.931723,0.147624,708.41
-1.58933,-17.4139,0.32904,0.159151,602.669
-3.22947,-16.5123,0.739679,0.174706,692.83
6.00442,-8.6673,0.716713,0.3735,601.43
-12.553,-15.3483,0.742864,1.05295,726.499
-2.86914,-8.8106,0.851032,0.473887,785.377
5.38108,-19.7015,0.896571,0.47246,815.437
-10.1157,-11.6177,0.727921,0.398439,804.406
-3.05956,2.64513,0.456673,0.316407,800.332
13.0046,-12.0175,0.536161,1.68488,830.495
-5.20895,-11.114,0.729523,0.520546,844.024
7.7181,-1.04986,0.505314,0.455572,755.92
7.54893,-5.43904,0.780087,0.378023,705.231
-9.61859,4.33101,0.653081,0.365693,645.433
-10.0577,18.7368,0.830294,0.447385,737.026
-7.73079,15.72,0.680586,0.268897,780.453
-11.4443,17.9805,0.957156,0.283679,673.847
-2.86548,15.9622,0.354057,0.274536,622.242
-1.89107,10.3312,0.840724,0.403302,573.869
-1.01177,15.0475,0.407372,0.332149,673.006
-10.4956,2.8489,0.326861,1.16474,814.871
-5.53511,-4.43033,0.603199,0.728313,783.512
-3.58496,10.6536,0.86773,1.13061,683.433
-2.6545,7.674,0.919687,0.842465,782.143
-12.6522,-5.9103,0.862878,1.04059,825.881
-0.838405,9.71932,0.563361,0.227204,708.964
3.86369,9.42983,0.76513,0.557425,617.493
-3.51802,13.6251,0.701917,0.295992,818.012
-3.05929,2.53345,0.90566,0.528396,836.954
-6.90943,10.8582,0.635212,0.611255,755.524
-4.67923,6.98123,0.873038,0.525158,701.909
-2.26865,16.2128,0.967624,0.335317,685.795
-3.30621,5.78609,0.680127,0.589963,716.804
-4.28666,13.6983,0.787518,0.323809,822.383
15.7322,8.80204,0.89681,0.506067,705.839
-5.24893,5.53961,0.814601,0.828071,807.931
-6.80488,5.70984,0.928106,0.831991,721.01
-8.53914,-5.20283,0.990353,1.17921,758.29
-3.37234,8.51532,0.559529,0.406245,702.197
-13.168,11.1368,0.381298,0.37625,618.949
-6.50142,12.1124,0.467952,1.98494,815.979
7.78914,-7.13109,0.759448,0.640032,734.068
-5.16078,-10.1792,0.883556,1.02204,670.183
3.22333,-10.5791,0.945073,0.952637,773.951
-1.64787,-11.5391,0.984863,0.67586,769.357
-10.6534,-11.1752,0.647251,0.433501,568.953
-4.1915,-15.1532,0.959308,0.702306,774.059
11.7894,-1.45305,0.28671,0.524242,839.178
-9.54322,-7.06279,0.74345,0.451757,743.474
-9.67337,-15.1046,0.416088,0.647316,565.853
-1.20092,-10.9909,0.733855,0.205289,754.733
-7.4022,-10.7865,0.732204,0.428991,658.228
-7.11164,-8.44569,0.554286,0.225359,753.637
6.6274,-18.2357,0.827426,0.983152,726.446
-7.95759,-17.0243,0.51309,0.502088,625.502
-3.60358,-12.8132,0.668749,0.291081,586.023
0.0361784,-1.15087,0.251065,0.454585,790.597
-1.9047,-15.4344,0.809408,0.612283,711.026
1.68096,-11.0849,0.725824,0.40431,772.678
-2.77521,-16.3468,0.96352,0.418675,614.75
-0.861762,-12.516,0.679518,0.320828,733.782
-8.40018,-10.3638,0.344707,0.495424,779.779
-2.77974,-14.4103,0.686031,0.760581,691.57
-10.2761,-18.9674,0.959167,0.37154,576.21
-7.19454,-14.0868,0.951953,0.321637,791.893
-12.8739,-0.718808,0.791033,0.955889,728.046
0.262602,-18.0965,0.947336,0.729032,598.061
-10.6942,-14.8409,0.476662,0.722233,825.174
12.5509,-11.9858,0.697281,0.84909,766.682
-3.81105,11.6264,0.713516,0.394391,694.872
8.94482,14.6596,0.9789,0.302041,788.148
7.30115,14.3511,0.723742,0.691253,840.526
-7.84143,12.6394,0.797161,0.43213,825.963
13.068,17.264,0.772847,0.481438,754.976
5.64428,-0.403521,0.943609,0.288652,598.805
-8.40363,6.97432,0.54287,1.36271,835.166
2.24353,16.3704,0.961826,0.358027,685.043
-2.48364,9.57217,0.223352,0.37643,764.862
1.64414,14.1538,0.893459,0.300604,778.068
15.3937,5.79478,0.810181,0.449214,820.905
17.7368,7.26943,0.856036,0.408072,760.174
3.36502,-16.3518,0.398692,0.53908,730.372
10.8465,-8.15385,0.812144,0.310826,592.844
6.92819,-13.0633,0.479199,0.501061,738.913
13.4512,-15.3559,0.974415,0.705264,703.735
7.56702,-12.6179,0.862703,0.457031,789.017
3.45866,-12.1357,0.446392,0.229006,757.044
-0.4383,-17.9269,0.480991,0.25092,602.313
2.48844,-11.6184,0.827461,0.669769,635.479
1.28612,0.851666,0.527493,1.18928,695.848
-3.62043,-7.54832,0.908354,1.17171,799.718
-16.3591,-6.15509,0.501849,0.400803,825.982
0.721607,3.73039,0.341361,0.334644,756.759
15.8027,-12.9029,0.745218,1.17632,707.076
5.32104,6.39123,0.884764,1.44712,797.79
7.7707,5.56347,0.894408,1.55814,759.99
-4.46085,-16.7041,0.160379,0.517603,749.711
1.84834,-15.8667,0.27494,1.36873,799.418
0.497909,-6.26297,0.940658,0.654856,838.526
18.0214,-8.32669,0.269082,0.773717,772.776
17.7277,-9.83143,0.114931,0.407449,835.603
11.2252,2.66534,0.961403,0.633698,804.798
-4.41309,-16.9197,0.370793,0.579068,716.218
9.4583,-13.6613,0.943777,0.482259,653.782
9.18715,-18.7174,0.877265,0.62308,577.722
5.33891,-12.7394,0.958415,0.583872,694.452
3.36974,-14.792,0.0843472,0.734497,591.364
-0.988542,10.2879,0.803266,1.2076,778.687
-11.2738,-10.344,0.861512,0.47316,794.802
-1.81339,-10.9505,0.939612,0.401922,741.713
-0.203504,-5.00869,0.932093,0.613148,789.45
11.9104,-2.34207,0.816937,0.707334,752.577
1.46409,-4.50568,0.446443,0.416796,747.014
-4.92459,-17.6502,0.297397,0.580484,775.763
-9.93987,-15.8171,0.929926,1.51898,729.086
9.00583,-6.00739,0.0955166,0.440439,746.875
-14.6156,-4.12526,0.88825,0.84461,647.207
7.30532,-5.45064,0.962449,0.91411,706.521
-9.93317,16.9372,0.443929,0.857539,817.878
-0.986724,15.4623,0.374836,0.795742,766.943
5.69633,13.6623,0.806442,0.656132,805.645
7.84361,5.07248,0.678931,0.29487,801.484
11.4631,11.442,0.739798,1.15393,799.375
-9.23642,4.38649,0.983544,0.955644,727.747
19.0394,-7.60432,0.732695,0.424704,776.633
-4.86147,1.44334,0.747318,0.306029,705.129
6.36043,3.29731,0.789158,0.280159,726.213
8.37338,-4.97159,0.553399,0.658452,795.919
2.37344,-3.96074,0.650846,0.282614,737.969
12.0284,-3.14178,0.537943,0.361074,699.447
3.76195,-4.921,0.985198,0.217536,648.883
-1.27173,-7.1489,0.934414,0.23127,811.059
9.66941,-14.0497,0.682609,0.290133,844.412
-3.79689,-4.433,0.867368,0.310991,640.755
0.317214,-3.1511,0.847136,0.177827,798.553
5.00082,-11.0305,0.426622,0.155385,788.178
4.70267,6.38107,0.633793,0.564156,803.841
6.33203,-3.12054,0.551662,0.18995,673.062
15.5197,-8.342,0.289548,0.720856,770.318
-0.0573742,-6.25522,0.383472,0.128823,554.704
0.708569,-7.25655,0.66661,0.162858,846
3.18364,-0.332196,0.962734,1.50896,726.393
6.19974,-0.458757,0.616814,0.422549,755.973
1.51419,-3.30734,0.433224,0.217863,770.674
2.28699,-4.22452,0.912491,0.50873,765.668
1.22599,-4.98444,0.57584,0.183057,774.557
4.11534,-12.9804,0.410559,0.424322,772.339
1.89371,0.407476,0.384555,0.175941,551.87
0.712908,-4.61301,0.860196,0.268235,660.097
0.29443,-6.93479,0.550769,0.134219,775.393
5.93734,-3.3369,0.890267,0.256695,675.939
-2.40551,-7.62881,0.444599,0.576549,745.26
3.48674,-4.85148,0.44871,0.322415,836.322
3.39543,-6.22302,0.884987,0.18105,750.964
11.5581,-3.61506,0.1014,0.225776,571.846
3.0497,0.104995,0.956126,0.267579,743.898
5.31628,-11.5013,0.672525,0.196936,552.776
8.86577,0.649,0.368553,0.511248,796.091
1.60635,-10.3648,0.672352,0.133483,568.459
6.46282,-6.64757,0.791311,0.146017,569.509
0.828491,-9.90927,0.493519,0.224902,717.793
-0.135548,18.0259,0.916224,0.321657,631.384
-3.10421,16.0321,0.743272,0.45227,704.592
8.24731,13.5407,0.54828,0.313907,611.375
4.74617,13.4168,0.969116,0.178282,658.326
0.374167,18.8125,0.759798,0.562393,780.554
-11.7608,17.5537,0.722569,0.457771,683.626
-6.85811,6.4173,0.771531,0.378258,673.104
-11.3597,7.75889,0.832388,0.308961,651.637
-6.15222,16.6095,0.497809,0.921062,836.191
-11.8929,11.523,0.647358,0.82275,673.002
-3.72102,11.1469,0.920464,0.194723,774.489
-16.3761,5.3753,0.85698,0.558228,840.527
-3.29841,5.67191,0.917209,0.233681,824.665
1.01992,2.70585,0.603069,0.172542,692.117
-1.30382,6.40881,0.353582,0.711069,813.139
1.80302,7.23379,0.562088,1.09609,837.651
6.6892,-11.685,0.976382,0.5242,758.479
-5.35198,-1.19813,0.842324,0.41996,839.224
-6.34692,7.42515,0.480199,0.295067,766.079
-12.3032,8.17434,0.485371,0.811542,702.163
-13.7836,2.01912,0.434746,0.327594,688.235
2.04177,-4.01669,0.446,0.509157,747.899
11.0812,12.4373,0.249428,0.71931,781.259
9.1668,2.34198,0.596977,0.719539,737.712
15.5573,2.27495,0.970512,0.802749,714.643
0.477357,-11.1796,0.629278,0.708751,734.806
2.44767,-1.65792,0.714241,1.83594,830.298
-0.858132,-3.80522,0.547399,1.68044,785.77
5.43093,-3.9609,0.352384,0.424945,729.345
4.28918,-9.63611,0.295215,0.356402,777.15
10.3681,-4.98966,0.643328,0.417062,643.638
-12.8335,-8.43013,0.819821,1.15595,575.902
1.59428,-6.06744,0.796108,0.977451,846.848
1.10899,-6.70401,0.857302,0.538101,747.992
-11.5109,-13.1981,0.930811,1.21846,654.708
-5.75152,-13.042,0.968045,0.480179,837.994
6.32457,-16.1256,0.859667,0.435874,750.535
-0.809503,17.0162,0.998677,1.00271,783.859
8.36288,3.03945,0.98954,0.842696,816.625
11.6989,-1.96718,0.584357,0.521594,685.168
16.1742,11.324,0.935479,1.52327,809.203
0.979632,9.83427,0.418055,1.03791,802.28
1.49568,16.083,0.7767,0.794756,807.666
-12.3055,5.51897,0.7268,0.772973,834.544
2.19233,5.12528,0.89574,1.27289,730.569
9.24634,-5.73322,0.778992,0.96578,838.54
14.5618,-19.8772,0.960785,1.1002,830.908
3.57306,-7.81004,0.889599,0.345417,843.452
-7.57289,3.58196,0.387699,0.463734,716.701
9.46418,-7.05721,0.523657,2.07081,797.418
-8.99974,1.29057,0.982217,0.941567,708.503
-14.6508,-3.48593,0.903243,1.19742,691.533
4.03647,-15.2765,0.548026,0.524033,724.706
5.71829,-8.34268,0.878796,0.682551,828.821
3.0589,-9.92176,0.6827,0.598865,774.838
-10.5699,-12.2276,0.802432,0.627954,721.322
13.4296,-8.47822,0.948516,0.612133,616.922
-2.765,-4.5148,0.984925,0.65337,782.703
-7.10282,0.602904,0.931907,0.423421,751.507
-2.15078,13.7065,0.373868,0.938902,725.033
-7.85859,12.5718,0.792503,0.385766,849.267
-7.59357,-2.53741,0.706236,1.04717,790.786
-2.62603,-0.3162,0.964736,1.068,807.099
10.7401,11.536,0.829545,0.412003,820.447
-3.96902,-6.90069,0.556532,0.389165,694.942
4.38302,-16.5714,0.997582,0.584704,755.485
1.86682,-12.4749,0.806762,0.344126,715.222
-14.1919,-11.1373,0.474964,0.609864,769.789
-4.80326,-15.5567,0.818705,0.360489,664.465
-5.4411,-14.4376,0.869388,0.635248,821.313
-12.4228,-3.05543,0.427756,1.28039,786.71
-8.12314,-14.2841,0.644625,0.974392,601.601
-0.63062,-15.7509,0.451932,1.2877,832.233
3.26981,-2.1971,0.77401,1.42964,686.252
-5.4231,-12.0007,0.833167,0.789355,603.39
8.39003,-5.8131,0.280324,1.03555,747.667
3.45877,12.5971,0.398804,0.505944,812.552
-3.2974,12.6995,0.426875,0.29347,672.966
-9.90915,16.0203,0.681822,0.508534,792.154
-7.32903,17.7683,0.779119,0.440419,760.215
1.71275,17.1721,0.892584,0.265315,568.565
6.10877,3.09404,0.553159,0.752509,580.03
-10.2483,14.4433,0.808588,0.313101,789.564
-7.39152,11.1503,0.459577,0.274085,762.967
7.25267,15.9541,0.407496,0.677903,778.147
1.19221,15.1511,0.949613,0.962352,745.033
11.1708,3.47024,0.245452,0.518363,679.832
0.387859,4.15531,0.121762,0.557323,769.16
10.4016,15.5644,0.641742,0.402115,683.162
2.79594,7.04063,0.563651,0.308056,650.788
5.17816,6.83563,0.166521,0.31296,710.102
-0.627474,13.6008,0.997509,0.398011,753.876
10.3261,5.67023,0.234919,0.650124,670.607
8.33171,4.77156,0.900854,0.325764,807.678
2.16552,7.19626,0.807026,0.184002,783.389
-7.84238,12.2136,0.954507,0.310482,740.36
3.58167,5.87986,0.451717,0.314096,709.979
2.34048,12.2222,0.592096,1.43442,844.498
1.89375,1.24353,0.985424,0.159433,818.042
-11.8309,7.06068,0.988634,0.521319,823.497
1.77955,-1.25801,0.749287,0.489598,814.917
4.96675,3.21008,0.918798,0.282949,711.722
-11.2918,15.092,0.537595,1.0623,764.255
-7.31122,2.89837,0.771672,0.52176,805.547
5.32702,7.75289,0.894124,0.263911,637.261
3.89661,6.49621,0.764503,0.292887,737.306
4.82866,8.42377,0.743907,0.343092,760.403
3.47916,3.01545,0.591885,0.395956,554.286
2.3439,0.139533,0.805085,0.16278,809.134
1.48498,3.93859,0.910651,0.311365,776.329
17.0424,-0.797096,0.496311,0.285976,770.895
15.5824,7.60421,0.513495,0.530086,784.875
9.31814,-0.0799117,0.615153,0.372844,787.336
9.52204,8.20194,0.697317,0.14381,802.135
1.74411,7.2564,0.357115,0.131285,782.78
3.5823,4.61635,0.969411,0.150882,787.581
10.8455,2.2792,0.804754,0.253756,766.899
5.6403,-0.374784,0.805179,0.16109,796.451
3.42511,4.31761,0.813591,0.235926,776.305
17.1162,-12.3871,0.828005,1.10248,838.988
3.41814,-6.56833,0.666059,0.185186,698.769
0.178534,-7.38977,0.708745,1.54006,836.249
3.51707,0.576939,0.920924,0.118139,776.169
12.4462,-2.92147,0.534532,0.378237,743.302
1.47837,6.20889,0.977111,0.256781,589.254
5.41949,-2.26842,0.432222,0.132747,802.929
5.38308,-0.544225,0.786749,0.1726,820.991
4.22487,-2.23729,0.575337,0.112738,628.604
-16.027,12.0317,0.96391,0.336415,661.101
-5.63522,8.53524,0.661892,0.934295,804.799
9.31553,1.00078,0.716649,0.35167,841.173
-0.0422608,16.2373,0.804421,1.0315,811.188
1.72917,14.5063,0.96252,0.714997,799.635
-5.94894,7.93267,0.550905,0.426017,782.479
-15.6652,16.4442,0.912895,0.410986,646.037
-3.50014,6.8068,0.995802,0.198096,572.217
-11.8421,3.62489,0.847955,0.366498,807.179
-17.2092,17.4198,0.465976,0.63029,590.777
5.84328,16.2173,0.947334,0.497617,639.402
-6.89914,11.3236,0.937013,0.698256,596.496
-8.63937,7.72133,0.732708,0.131855,727.321
-7.70369,15.0544,0.714633,0.354623,836.782
-7.51893,12.5534,0.449523,0.337383,572.734
-4.08022,7.74737,0.866832,0.614855,838.801
0.449581,7.70753,0.120825,0.417406,827.466
-3.12399,2.63308,0.755212,0.296734,770.321
-9.54985,11.4546,0.437733,0.356774,608.301
-16.649,11.2269,0.805471,0.432228,745.186
-9.45639,4.7864,0.691975,0.438539,701.574
-4.6981,4.46593,0.93546,0.454335,768.855
-5.97695,5.07036,0.283595,1.45574,832.009
4.11235,4.0817,0.96982,0.342913,788.467
-7.98077,1.27187,0.82014,0.418894,772.03
-4.95107,6.81316,0.945804,0.222335,702.625
-4.88719,1.98415,0.903142,0.344891,780.989
1.17931,1.18263,0.565911,0.197679,830.656
2.92705,10.7326,0.869751,0.56009,816.4
14.6559,15.054,0.488432,0.821116,737.245
12.6053,5.69195,0.872701,1.06369,838.74
8.92449,-3.24896,0.701653,1.50226,731.863
9.16754,14.2154,0.886504,0.406328,768.349
-5.3914,13.9368,0.999656,1.26259,650.994
-1.96527,11.1045,0.827108,0.596625,730.888
-4.92828,1.21985,0.75779,0.521018,792.144
-0.227571,6.75732,0.97691,0.384057,841.37
14.9648,1.49352,0.630859,0.534942,745.34
16.0903,15.4801,0.48953,1.1776,733.268
-7.00056,-1.12763,0.597182,0.683728,708.607
6.32344,-6.37342,0.72775,0.559113,711.909
17.4777,-1.06872,0.955908,1.12517,720.578
-12.8202,-11.0533,0.412483,1.69186,742.626
16.0853,-8.80338,0.614374,0.547698,713.912
7.44368,-0.617184,0.321502,0.735927,724.034
7.30557,0.165348,0.901333,0.631502,731.959
10.9469,8.37224,0.462685,0.603592,848.909
-0.549835,-17.0778,0.843261,0.904278,798.369
3.22782,-4.81567,0.977335,0.922382,706.259
-8.03287,-8.00648,0.987132,0.383399,818.127
-13.9276,-11.0737,0.498437,0.691525,765.732
-3.29678,2.62708,0.88336,1.21064,728.745
0.52077,-12.6046,0.93662,0.672231,686.619
-5.92385,-5.92534,0.866809,0.578828,750.678
13.2456,-13.8957,0.768554,0.508194,689.564
5.22543,-9.32245,0.937453,1.55759,765.152
8.73741,-2.31352,0.765683,0.819472,724.164
17.6825,2.83452,0.672935,1.23895,724.48
1.36063,-2.34959,0.806037,0.533874,745.013
-1.73805,-1.57527,0.586552,0.584441,791.609
2.41767,-0.317203,0.451443,1.8806,788.179
-13.0717,-18.8377,0.855264,0.601839,847.433
-11.3133,-10.4098,0.513686,0.581604,604.286
-8.50164,15.6473,0.930914,1.0609,827.965
3.3543,-3.33831,0.859776,0.531769,817.905
-5.03661,6.96532,0.438872,0.184541,698.336
2.09546,9.67905,0.305178,0.439972,687.233
-4.67467,8.78697,0.399758,0.362361,677.333
0.925644,8.41222,0.873521,0.750177,645.151
2.73017,9.73211,0.721928,1.66119,748.922
-7.02412,-12.2939,0.535584,0.958179,758.744
6.47029,-3.43274,0.974946,0.319617,799.984
7.71067,7.83547,0.877248,0.590207,767.907
-6.12808,-14.5351,0.198604,1.03833,733.462
4.11587,3.5225,0.67026,0.586618,831.04
8.9585,0.0703482,0.35259,1.04432,777.466
1.23504,-7.40495,0.732155,1.29056,838.167
-10.8593,-5.72744,0.932155,0.881714,807.418
-2.89113,6.11011,0.450986,0.229937,718.682
6.53004,-5.82401,0.75227,0.567583,792.012
-11.3701,-2.66952,0.219535,1.47864,836.426
13.9565,7.70812,0.214812,1.3958,836.69
-3.335,12.4808,0.718032,0.826944,799.698
-7.78638,-2.34924,0.990361,0.376026,803.73
-2.57445,-7.60967,0.881587,1.1401,723.982
-17.0263,7.74127,0.405238,2.60153,837.216
9.55326,6.05639,0.921691,0.622972,739.735
2.93399,-5.65862,0.471841,0.755404,836.488
4.95653,1.75054,0.419855,0.339345,765.855
0.651116,5.31387,0.82637,0.358264,709.374
3.66099,0.458777,0.991189,0.713033,846.833
2.6888,-4.76492,0.645075,0.875701,732.659
-14.1395,-14.2902,0.580002,0.863615,795.322
-4.27612,-5.54836,0.937005,0.231948,791.617
5.06349,6.37947,0.966437,0.255803,796.219
13.8355,-2.36021,0.530704,0.335857,675.834
4.64182,8.04255,0.750479,0.362163,746.111
-6.25751,-9.1026,0.377143,0.396413,787.292
-16.9048,3.64951,0.607939,0.449947,772.439
-3.41643,3.52346,0.828169,0.687158,700.574
4.47264,6.97526,0.68806,0.279604,802.479
3.15349,0.132862,0.366724,0.251729,775.597
-2.53396,0.223273,0.501597,0.251332,741.291
-2.97927,-4.22174,0.388927,0.196671,734.604
-3.5835,4.86202,0.611678,0.492868,825.343
13.8321,-2.42543,0.737529,0.418604,831.73
0.332152,-6.9449,0.29676,0.204704,735.196
-8.22408,-12.4424,0.919671,0.326243,840.824
-1.69848,-2.82817,0.817366,0.425498,785.177
-8.35823,0.0799709,0.327613,0.592702,797.442
-4.39769,-17.1613,0.817177,0.606988,777.799
-7.78764,-16.1262,0.503312,0.45715,823.074
-8.95152,-5.37333,0.513104,0.553642,770.895
-3.74287,11.0013,0.905719,0.920247,812.786
4.78329,-9.31902,0.908368,0.353777,609.098
-2.15175,-14.9299,0.596067,0.346835,727.767
1.21577,-13.044,0.785037,0.672127,653.308
-0.618303,15.2547,0.105806,0.867834,812.644
1.14535,-0.254625,0.326929,0.219304,783.658
3.83485,-2.84139,0.852287,0.202529,735.069
4.4719,-9.168,0.580256,0.436938,742.476
0.149147,-5.96746,0.866535,0.273689,849.467
12.8141,-7.51875,0.52875,0.595229,767.206
-4.94955,1.94821,0.80732,1.64474,819.868
6.83345,-3.79451,0.936306,0.359317,786.103
7.56124,-14.1687,0.39059,0.533459,761.578
-13.7615,-12.5309,0.824838,0.532345,719.455
-9.29936,-10.9559,0.74158,0.906729,839.188
12.8651,-15.773,0.532086,0.626819,724.303
-9.26958,-10.9961,0.24747,0.602697,577.736
-1.84069,-12.6998,0.48576,0.330161,789.405
-7.08365,8.59468,0.998315,0.545746,748.314
-0.134558,-11.2238,0.797201,0.492905,616.976
1.9423,-12.6905,0.671916,0.302428,628.904
-2.49399,-15.9686,0.480645,1.15301,767.378
-11.8761,-11.5535,0.475127,0.756935,753.959
13.2711,-13.8953,0.936776,1.56951,818.337
2.30953,-2.51809,0.210868,0.496164,714.946
1.07508,1.02567,0.974718,0.580604,691.59
8.64148,-7.87125,0.177193,0.640209,779.608
14.1337,-3.40889,0.844519,0.555566,723.668
-4.51684,-16.0028,0.614915,0.601336,734.303
-16.1229,-8.78573,0.622799,0.338456,595.076
-1.52335,-13.1896,0.735713,0.424235,771.468
-8.03467,-9.92561,0.884301,0.333352,765.983
3.95653,8.8104,0.911276,0.466788,729.083
-7.60788,-1.5205,0.228887,0.978211,757.226
1.80004,-10.2322,0.664119,2.71342,839.249
-3.90632,-9.13535,0.839099,1.46899,828.305
2.11881,3.68613,0.925877,0.554142,825.175
-0.093995,-14.7772,0.855377,0.767271,749.103
-0.181902,-3.86651,0.318501,0.451819,792.445
10.2819,-9.19601,0.600184,1.10795,742.139
1.31019,5.87144,0.27442,1.25642,841.648
-0.095542,-8.3988,0.646911,0.882248,830.505
-3.68491,2.84755,0.403767,0.236424,784.545
2.30223,0.506307,0.742433,0.453711,817.163
0.312257,3.29013,0.810737,0.458379,729.702
5.75991,-5.09383,0.721801,0.638087,802.917
-0.694022,0.744973,0.681728,1.3426,845.95
0.291683,-4.16381,0.853252,0.367428,841.483
1.65898,-4.83103,0.591472,0.222154,633.864
8.03032,6.88013,0.747724,1.07232,799.363
15.0983,-9.42998,0.86591,0.427346,831.86
1.7901,-14.901,0.960433,0.427824,716.985
11.4619,-16.8952,0.274016,0.296247,767.514
-2.91985,4.2616,0.994671,0.96168,751.963
-10.9084,-13.9006,0.734863,1.58826,635.975
6.26314,-17.5496,0.490912,0.416946,578.414
-1.93067,-18.9077,0.669694,0.332807,734.35
16.998,-7.60304,0.710852,0.597134,773.749
10.6799,-11.2901,0.540337,0.495229,554.747
6.4575,-13.8766,0.69886,0.682896,808.286
4.90163,-18.3526,0.553827,0.248842,744.55
7.61649,-9.28562,0.597436,0.643271,728.937
-10.5841,2.2403,0.137171,0.805858,797.861
-1.14715,-14.9434,0.834214,0.548503,767.586
5.20674,-15.551,0.384749,0.243992,776.978
-15.8997,-16.3149,0.873388,0.612346,631.89
-8.88634,1.9778,0.653408,0.238056,827.261
4.93576,14.145,0.450052,0.685357,805.663
3.72199,7.10955,0.163929,0.406595,723.891
-0.803925,16.4585,0.478402,1.06195,794.723
1.22668,9.74691,0.579284,1.16372,847.788
-0.790853,-2.53088,0.799783,0.425312,803.614
12.7243,-3.56954,0.673051,1.23882,805.487
-11.4621,0.143398,0.350805,0.585846,712.511
9.40354,5.04243,0.791781,0.606634,770.275
6.26638,-8.22495,0.670684,1.23533,827.391
-2.33351,-7.89245,0.948517,0.651362,702.749
13.2074,-3.12907,0.294925,0.272853,840.179
7.27691,-5.07734,0.578277,0.253787,726.042
-2.82183,-2.06922,0.848394,0.691027,755.928
1.28762,-2.08785,0.671024,0.788025,693.385
-5.08877,-12.0274,0.308203,0.330415,839.171
1.69869,2.79387,0.98604,0.345988,715.241
9.34532,-9.33441,0.456183,0.259439,692.9
1.53456,-19.2296,0.902982,0.657589,774.592
4.06615,-3.31367,0.670377,0.533212,714.219
-7.56787,-6.22409,0.972449,0.245639,759.482
7.78032,-7.53222,0.737463,0.783529,633.423
9.78633,-4.03568,0.366102,0.342018,781.368
11.5655,3.37022,0.665308,0.911518,839.313
4.05044,-0.95262,0.646743,0.750576,769.713
-5.98626,-12.466,0.475008,0.294782,700.831
-6.5708,-18.215,0.368739,0.251355,836.275
-14.6681,-7.84601,0.862817,0.64981,732.225
-0.141932,-8.79849,0.705207,0.637638,671.227
-8.30544,-15.0428,0.514863,0.377693,768.225
-9.71836,-17.3407,0.617366,0.421635,759.078
-4.15006,-6.5628,0.188118,0.260952,724.31
-6.91755,-17.4325,0.656163,0.353701,614.697
1.32836,1.37653,0.215319,0.440804,788.176
-6.17907,1.47956,0.335161,0.176542,798.957
-7.14697,3.92708,0.92009,1.29182,818.33
-5.58748,1.7761,0.725443,0.429406,729.929
-0.722807,10.6883,0.909497,0.226002,562.987
1.17483,-3.23472,0.913713,0.520782,709.801
-0.722535,2.63367,0.743303,0.204374,688.1
7.16877,-7.69153,0.645863,0.444611,820.116
-4.20131,-3.82261,0.561589,0.657598,769.099
-5.82072,2.38478,0.647279,0.518877,822.046
-5.93761,3.83908,0.676198,0.368056,825.462
6.35547,8.43563,0.649766,0.993894,802.924
6.78756,-14.99,0.937009,0.549289,762.066
-5.54806,11.8983,0.862128,0.343644,847.793
-8.2884,-9.42474,0.97419,0.671991,682.805
-2.84281,-17.0284,0.979941,0.362196,735.419
2.96137,-3.31006,0.363151,0.220144,748.219
3.91098,-4.86477,0.288227,0.371247,730.128
4.678,-0.622455,0.81855,0.494977,714.982
3.87624,-7.99834,0.94218,0.655468,771.32
-6.80342,-8.50754,0.582762,0.352632,686.76
-1.57458,-10.4614,0.760733,0.28406,838.083
11.1351,3.12128,0.396039,0.51946,794.893
3.40636,-13.6141,0.324444,0.6367,608.404
0.0311341,-15.3611,0.871658,0.326627,557.984
0.380804,-12.3858,0.795188,0.260631,744.739
5.04668,-2.27756,0.560073,0.683239,577.978
-10.5522,4.51767,0.995404,0.436168,671.086
1.67334,-2.91512,0.898812,0.446342,722.489
-2.35391,5.93812,0.967659,0.57383,758.483
2.05312,15.8868,0.769312,0.230747,755.418
-6.47722,17.0538,0.374154,0.635207,709.503
-9.73777,9.89366,0.29929,0.755403,834.271
-5.09964,1.38833,0.687761,0.482691,711.348
5.56942,13.3399,0.458142,0.439861,558.225
-1.11229,-4.25297,0.804465,0.314846,741.441
10.9718,11.6324,0.90228,1.04547,828.133
14.3903,3.67401,0.982881,0.588995,819.037
0.230196,5.55046,0.586448,0.303213,705.475
4.26858,4.58853,0.856273,0.809227,817.619
-14.4721,-18.4461,0.837159,0.605574,790.867
-4.61809,-11.9997,0.2954,0.494359,832.985
0.573893,4.55881,0.945376,1.00929,822.546
-3.7704,4.26313,0.431132,0.612884,746.975
-0.171373,-6.81306,0.914406,0.630744,816.399
3.3606,-7.49528,0.760075,2.05207,739.58
5.74101,-17.7612,0.665431,0.531041,594.794
1.58294,-6.38815,0.541289,0.731445,847.045
6.85188,-12.0397,0.990107,0.355927,849.077
1.31204,-13.1015,0.366362,0.552743,823.986
3.38508,-16.8502,0.958325,0.312761,735.938
17.8792,-12.0159,0.783956,0.481652,642.709
12.6106,8.93003,0.710659,1.32174,792.319
2.89133,-13.0925,0.73132,0.562345,687.291
7.14568,-1.38861,0.716051,1.89926,683.047
12.5675,5.03267,0.816453,0.612586,813.882
16.7941,4.08642,0.820037,0.542173,795.687
17.2356,-6.40846,0.877005,1.25634,817.544
12.1172,-1.74632,0.803052,0.507143,557.202
15.4284,5.97256,0.695341,0.399477,736.132
-9.19332,-12.838,0.768758,2.23395,703.055
-2.51891,-2.39843,0.439023,0.416697,706.635
-3.14774,1.20979,0.522212,0.301665,755.452
13.0401,4.09097,0.634289,0.383795,696.536
-10.6882,-3.33926,0.991162,0.819847,779.306
-0.0298676,12.4165,0.314057,0.560295,794.262
2.39902,1.35955,0.868674,0.275405,762.32
-5.99594,-18.311,0.721716,0.224986,807.402
6.83316,-11.8733,0.937196,0.637105,770.756
1.23211,-12.5779,0.459559,0.460293,764.201
12.7284,-10.1544,0.918399,0.690842,793.632
-19.0327,-12.3376,0.182255,1.28398,762.548
4.5822,-13.3782,0.568693,0.408755,762.136
-2.78741,-0.92461,0.948655,0.734073,849.361
-3.17514,-18.7828,0.187845,0.302645,703.384
-17.1036,-12.4128,0.849305,0.534971,573.16
2.80772,-17.8987,0.879726,0.292754,766.909
1.59672,-16.5033,0.854911,0.330878,659.182
-13.0834,-7.96677,0.490582,0.634427,577.308
-7.46273,-15.0349,0.920997,0.26967,763.906
1.43803,-8.22683,0.730215,0.344605,691.624
-16.0205,-4.44496,0.627547,0.491433,781.355
-0.327712,-0.814377,0.800495,0.296905,765.873
3.4497,-4.17029,0.539299,0.465542,815.241
-0.250545,-18.2336,0.865949,0.23124,691.46
6.5331,-6.38769,0.996058,0.536779,712.472
-7.98081,-10.2746,0.427216,0.51637,612.166
-11.0868,-8.55418,0.622889,0.439148,634.887
-3.1588,-10.0428,0.778772,0.521415,836.809
-4.80498,-11.545,0.738166,0.223441,741.352
-6.96416,3.03115,0.886622,0.661616,729.475
0.952204,-13.3086,0.619006,0.335679,788.717
-6.55969,-10.5285,0.697916,0.378355,574.327
5.45983,-18.4714,0.543753,0.332259,709.333
13.6009,-10.7132,0.526564,0.606817,799.993
-7.02243,-18.5386,0.938853,0.418692,654.015
0.68322,3.64113,0.804797,0.390057,756.268
-2.94048,-12.1789,0.818983,0.292412,792.414
2.91372,-3.94126,0.836517,0.284705,702.316
0.822577,-1.06411,0.591531,0.252509,771.334
14.7666,-7.99035,0.541012,0.457105,806.964
14.8544,-1.99597,0.316559,0.233744,657.007
8.95443,-4.9771,0.350189,0.142738,775.767
8.55567,-5.51201,0.953357,0.216872,682.747
13.0107,-3.0596,0.80231,0.481737,766.848
13.1871,-4.5936,0.70167,0.335742,822.179
8.54995,-13.442,0.24379,0.208489,686.45
6.07968,9.3577,0.746046,1.06478,576.938
11.8602,12.7163,0.881127,0.748824,703.631
12.7372,-6.49756,0.239022,0.311098,696.689
8.48187,-8.78253,0.696961,0.378137,581.479
8.28606,-12.4328,0.662188,0.6765,708.969
9.39227,-12.2601,0.328801,0.571784,677.251
16.1422,-6.53888,0.966901,0.352417,659.056
11.6909,-14.1267,0.543406,0.378901,683.898
11.8292,-5.80878,0.846336,0.249259,626.452
9.21556,-8.29637,0.751937,0.309249,619.022
10.7581,-11.4464,0.820918,0.24015,764.519
8.22924,2.11106,0.811043,0.312578,627.159
10.359,-10.7823,0.519281,0.18465,589.845
9.57977,-9.63045,0.813884,0.247443,653.126
15.122,-11.7043,0.532912,1.23553,763.087
6.80419,-5.80584,0.926295,1.09436,712.42
16.9801,0.527662,0.463739,0.417534,815.871
19.2182,-4.01827,0.453032,0.342511,838.218
8.60412,-1.12107,0.657528,0.410077,647.824
11.578,-11.0175,0.767656,0.370095,774.624
9.65907,9.60872,0.523899,0.509061,654.402
13.9025,-11.2167,0.80255,0.186043,842.835
16.8538,-11.3691,0.924666,0.398357,570.465
14.6658,-15.9385,0.705577,0.286983,595.747
15.0369,-4.79306,0.897336,0.220441,703.207
13.2923,-9.25685,0.269473,0.266736,790.97
0.0234475,-1.89295,0.265722,0.165974,829.178
-9.43679,0.361523,0.917667,0.334932,772.263
-1.43914,-12.4605,0.305742,0.336893,846.025
4.05571,6.3448,0.727352,1.01828,846.509
14.2068,-9.47765,0.956423,0.412456,804.366
4.13891,-4.05249,0.773737,0.60081,721.25
-9.01341,-12.9135,0.456499,0.382186,733.784
2.83258,-3.97345,0.782774,0.334594,749.168
-2.90863,-4.88032,0.658407,0.276112,841.098
3.95172,-5.65206,0.285364,0.259059,718.074
3.93258,-7.37801,0.708661,0.343209,698.835
7.10648,5.43411,0.866605,0.53642,748.951
-13.8406,-4.32291,0.909409,0.450778,702.418
-3.99042,-0.753874,0.935828,0.299191,799.179
-4.08803,-6.7627,0.946448,0.41298,707.22
0.320992,-13.1383,0.856214,0.515428,702.565
-8.53872,5.07915,0.690029,0.28351,755.703
-1.17339,15.7897,0.184717,0.231324,573.864
-11.7823,14.0232,0.634518,0.248364,769.814
-7.55495,15.135,0.966256,0.171214,553.869
-3.55304,7.11981,0.805245,0.291128,746.657
-6.75991,5.91994,0.825431,0.472714,624.328
-2.03047,-12.4966,0.388149,0.434621,703.344
4.23475,-0.781041,0.975246,0.348318,724.347
10.6389,-7.40732,0.863402,0.402515,684.734
12.6577,-6.64115,0.696478,0.74279,776.284
3.05611,-18.272,0.838085,0.389994,780.925
2.82917,-2.36778,0.861549,0.487898,703.579
9.61463,-15.5171,0.94381,0.328656,668.657
19.641,-18.5064,0.728639,2.01805,834.916
11.064,-12.1911,0.780039,0.805272,610.581
-0.450767,-14.8233,0.940088,0.328262,724.098
8.28291,0.875485,0.939109,0.630953,749.702
-9.16612,1.60385,0.649727,2.22224,792.944
-10.1754,-5.45007,0.83038,1.38332,722.704
-1.57955,3.62507,0.696505,0.354165,709.87
16.4784,8.67991,0.796099,0.573497,747.13
4.60728,-0.208047,0.851683,0.671109,780.679
9.90693,-14.5192,0.621812,0.610382,698.236
1.02395,6.34656,0.607945,1.30239,832.387
0.879657,-1.22979,0.648086,1.12081,787.838
7.62144,3.49102,0.298409,0.587434,849.592
7.13075,-5.99248,0.792915,0.298345,841.512
7.71207,-3.16547,0.756184,0.392976,708.073
4.99008,-10.1421,0.768607,0.307766,830.73
11.4251,4.66239,0.783706,0.497612,745.248
-3.08294,-2.7596,0.506539,0.671356,797.162
12.5385,-2.64253,0.818258,0.522175,711.711
-1.23252,-4.57529,0.652428,0.220576,843.66
-7.22714,-19.3595,0.465581,0.430172,694.664
11.4189,-1.93229,0.714999,0.478464,717.835
3.76142,-14.0227,0.570964,0.345208,625.181
12.1506,-12.0307,0.815626,0.431708,770.36
-2.02872,-17.83,0.895818,0.310429,654.941
-6.05334,-12.8922,0.175651,1.30236,721.958
-2.70255,-15.7992,0.49956,0.255769,668.626
-1.90552,-4.81522,0.6676,0.283516,839.1
1.85161,-14.5847,0.856094,0.513385,669.954
1.01472,-13.5065,0.424426,0.346561,833.837
9.59057,-15.2291,0.714654,0.493574,603.229
1.89708,-12.5416,0.645798,0.287701,716.292
4.10424,-15.9054,0.549604,0.220023,795.189
10.821,-8.41753,0.553546,2.17606,830.339
-4.74414,-19.9727,0.887842,0.743151,642.108
-2.48964,8.19659,0.764926,1.45462,848.577
-8.83882,-11.6963,0.653433,1.25568,706.004
-0.0949059,12.8944,0.479979,0.503324,691.734
-0.564705,12.6067,0.507852,0.389989,812.211
-0.610527,5.84056,0.402228,0.592013,728.976
9.51645,11.3414,0.735806,1.42579,731.183
10.7133,-2.43508,0.967559,0.442614,780.499
4.97997,9.66733,0.679355,0.733427,722.104
6.10614,4.24847,0.828665,1.48925,826.478
12.706,-11.5233,0.865974,0.821593,776.184
-0.168429,11.8254,0.483533,1.01982,727.832
4.56994,-9.36156,0.954493,0.600479,770.599
0.582927,-11.2561,0.959089,0.2691,841.059
0.627551,-10.1665,0.390737,0.428468,741.408
3.30486,-14.909,0.516957,0.289106,695.248
-1.49637,15.2811,0.416032,0.597153,840.643
-8.21302,-6.79857,0.383419,0.412682,749.853
18.5265,-3.1317,0.438898,0.526249,760.037
4.83514,12.0557,0.963812,1.65972,830.822
7.7109,-7.69785,0.664968,0.553954,732.57
-4.30983,-6.68152,0.271116,0.628168,719.99
18.5087,-12.1191,0.982013,0.324244,689.291
6.04059,-16.0466,0.562052,0.360131,757.678
18.6255,-7.30578,0.977671,0.999822,789.743
1.96912,-4.68075,0.46412,1.79071,830.997
