0.931149
0.661069
0.921187
0.888785
0.647497
0.66004
0.37663
0.590046
0.822519
0.782241
0.807231
0.810732
0.528455
0.632912
0.673435
0.947302
0.80956
0.480437
0.970022
0.351436
0.592631
0.457609
0.861879
0.99072
0.906184
0.152004
0.495041
0.531423
0.8934
0.620196
0.395588
0.45547
0.753813
0.813776
0.833824
0.490921
0.460474
0.92662
0.625663
0.954672
0.590038
0.882949
0.483593
0.814325
0.720378
0.827596
0.825675
0.957237
0.0561141
0.74609
0.500826
0.891838
0.529411
0.935544
0.673915
0.8896
0.464015
0.391305
0.373363
0.822221
0.867112
0.354971
0.772604
0.985768
0.695294
0.717361
0.960692
0.378504
0.612021
0.412002
0.427931
0.851722
0.456437
0.28846
0.194357
0.365585
0.626999
0.27196
0.880052
0.738957
0.961296
0.28562
0.829004
0.708298
0.0760468
0.425226
0.934174
0.0596586
0.350053
0.730527
0.922458
0.683798
0.965504
0.991753
0.791942
0.777438
0.152853
0.484622
0.609233
0.526925
0.892794
0.890282
0.973117
0.88419
0.494414
0.924002
0.883803
0.626733
0.735613
0.557984
0.721216
0.882998
0.310576
0.0321183
0.822443
0.915153
0.868025
0.778079
0.917599
0.772691
0.552644
0.269212
0.954203
0.94944
0.681178
0.370401
0.562396
0.516806
0.935203
0.484502
0.937825
0.2517
0.971865
0.739473
0.169089
0.9845
0.667818
0.198674
0.577177
0.953534
0.732281
0.745861
0.355555
0.954459
0.78508
0.551434
0.898152
0.272428
0.591018
0.678335
0.451454
0.834926
0.324891
0.747877
0.438345
0.211071
0.579492
0.460363
0.934043
0.795364
0.906828
0.937236
0.274231
0.787657
0.993107
0.374987
0.354256
0.817486
0.731211
0.903865
0.518488
0.744762
0.945822
0.473822
0.699033
0.738353
0.455189
0.986164
0.551005
0.524564
0.656902
0.649023
0.889438
0.874053
0.9512
0.924282
0.195262
0.855214
0.8689
0.990211
0.987499
0.780248
0.733085
0.912364
0.705848
0.920318
0.783611
0.802889
0.929189
0.276008
0.690915
0.993963
0.597769
0.364136
0.632925
0.902219
0.68148
0.525794
0.742621
0.771047
0.933694
0.660373
0.686906
0.734282
0.619647
0.824033
0.410091
0.84092
0.821939
0.506093
0.567754
0.614692
0.697403
0.889455
0.739959
0.28162
0.384451
0.636955
0.603381
0.609921
0.637471
0.203824
0.813306
0.241726
0.71707
0.195658
0.395542
0.784197
0.980508
0.83124
0.915586
0.600273
0.509074
0.923211
0.791086
0.854188
0.989861
0.0832667
0.531657
0.405408
0.592663
0.753023
0.641265
0.536158
0.758265
0.286775
0.837646
0.662866
0.876413
0.832053
0.95332
0.756353
0.230912
0.701606
0.477218
0.726848
0.448996
0.692509
0.906817
0.769401
0.905378
0.343139
0.833655
0.972008
0.312884
0.7221
0.532353
0.236026
0.422742
0.160165
0.743612
0.353981
0.304657
0.758391
0.932223
0.481159
0.985839
0.833416
0.643674
0.898885
0.939819
0.346043
0.642415
0.723267
0.728574
0.870081
0.9296
0.713104
0.731863
0.871836
0.638663
0.923971
0.875728
0.629725
0.407158
0.512799
0.672202
0.465308
0.56487
0.459505
0.41573
0.786193
0.930624
0.504161
0.992486
0.834539
0.466136
0.526966
0.975804
0.992994
0.955102
0.516917
0.124286
0.459821
0.372277
0.787688
0.809498
0.98535
0.888036
0.708998
0.894225
0.756795
0.725041
0.996906
0.78135
0.58549
0.786169
0.126508
0.948392
0.259693
0.914419
0.222072
0.410795
0.983723
0.378958
0.765132
0.209348
0.557786
0.639193
0.766245
0.812796
0.900505
0.754214
0.846785
0.649848
0.699754
0.322476
0.966854
0.861057
0.782884
0.77688
0.424154
0.354486
0.216796
0.530089
0.29447
0.285923
0.712389
0.848848
0.981417
0.798454
0.887645
0.641393
0.505853
0.187746
0.338481
0.620599
0.851117
0.561897
0.521933
0.968269
0.903331
0.630823
0.948116
0.315884
0.322228
0.0579901
0.754043
0.131942
0.68558
0.635808
0.886969
0.915961
0.957864
0.612493
0.357996
0.372755
0.914467
0.747561
0.23244
0.446539
0.893292
0.862144
0.925959
0.54213
0.934456
0.594182
0.449311
0.81302
0.380264
0.726213
0.701061
0.990077
0.877801
0.990425
0.332271
0.0834439
0.694233
0.562954
0.823776
0.842642
0.528405
0.944125
0.713141
0.802404
0.883291
0.999574
0.547256
0.576432
0.141459
0.800172
0.477921
0.84037
0.963607
0.585188
0.956916
0.574254
0.358873
0.629953
0.827155
0.947302
0.476257
0.949313
0.6858
0.95433
0.35861
0.995522
0.345994
0.867604
0.447697
0.402316
0.99002
0.590758
0.638297
0.720187
0.669543
0.420017
0.858659
0.627958
0.909532
0.851861
0.960861
0.368949
0.854537
0.543837
0.789931
0.835985
0.886778
0.73639
0.953694
0.786396
0.985535
0.738192
0.622509
0.720758
0.885007
0.664886
0.92645
0.411415
0.920577
0.127157
0.716424
0.867541
0.738734
0.830475
0.821548
0.781735
0.605646
0.486045
0.745018
0.875346
0.89436
0.69015
0.277243
0.683547
0.831817
0.759267
0.829678
0.875313
0.27936
0.982169
0.727046
0.665048
0.529701
0.991217
0.876393
0.454942
0.741568
0.136299
0.615354
0.516077
0.583449
0.736158
0.663572
0.719951
0.929093
0.985001
0.731249
0.974528
0.533415
0.267104
0.958702
0.97365
0.509346
0.612639
0.93573
0.743167
0.998967
0.699064
0.231699
0.937285
0.280369
0.400104
0.816365
0.691102
0.681759
0.866215
0.273859
0.726608
0.989976
0.318919
0.610925
0.663437
0.93189
0.943845
0.689832
0.77843
0.57945
0.40965
0.723067
0.865883
0.304271
0.931599
0.198942
0.565781
0.875271
0.989171
0.790386
0.881782
0.757515
0.81063
0.959665
0.525582
0.912435
0.710216
0.778627
0.923133
0.479293
0.643866
0.440628
0.451687
0.316556
0.696577
0.0546693
0.249102
0.700283
0.463476
0.314368
0.897196
0.3976
0.626283
0.310345
0.767436
0.720672
0.964059
0.644404
0.930578
0.461844
0.548873
0.768348
0.29124
0.878966
0.66552
0.81105
0.880542
0.896088
0.930049
0.512322
0.960005
0.798984
0.739921
0.713187
0.666437
0.669013
0.766951
0.838413
0.905312
0.588193
0.941595
0.390688
0.378052
0.210643
0.658814
0.930572
0.762633
0.96972
0.995273
0.406161
0.668787
0.611971
0.461184
0.533937
0.6896
0.79801
0.841642
0.596838
0.569489
0.906878
0.313841
0.861187
0.844171
0.624927
0.746255
0.440024
0.967797
0.809835
0.818198
0.958499
0.908271
0.935694
0.991828
0.650163
0.460698
0.372465
0.56893
0.797011
0.689376
0.364097
0.620245
0.771872
0.902785
0.476155
0.439713
0.209195
0.998452
0.143333
0.895693
0.395299
0.912327
0.950227
0.983476
0.463144
0.336896
0.910061
0.257854
0.982354
0.88575
0.990685
0.867941
0.508927
0.301246
0.425321
0.855342
0.909247
0.066271
0.77263
0.87132
0.774686
0.193527
0.761742
0.752665
0.689335
0.34607
0.940286
0.770061
0.937537
0.719352
0.931852
0.940708
0.5675
0.854962
0.7432
0.294937
0.680111
0.558737
0.615148
0.784419
0.480046
0.637697
0.267566
0.816833
0.349535
0.55968
0.615601
0.830573
0.643611
0.176868
0.969305
0.85768
0.602298
0.837469
0.623818
0.707818
0.122952
0.912459
0.745514
0.869198
0.622067
0.434314
0.426087
0.694842
0.867862
0.846134
0.771158
0.811083
0.963896
0.864727
0.913197
0.553121
0.649079
0.944184
0.949048
0.845241
0.649668
0.344502
0.376747
0.765211
0.930319
0.644069
0.345027
0.181049
0.240621
0.57544
0.665044
0.677258
0.87053
0.979548
0.870375
0.428157
0.503506
0.242032
0.696368
0.931384
0.632168
0.900255
0.496285
0.914966
0.76243
0.836406
0.967813
0.297993
0.977275
0.700625
0.92198
0.215873
0.653107
0.946911
0.308218
0.738642
0.318776
0.942495
0.936009
0.626862
0.853441
0.639441
0.512723
0.987722
0.665483
0.873724
0.71771
0.0677351
0.339225
0.259885
0.916031
0.336724
0.75519
0.21657
0.348115
0.855931
0.77273
0.447843
0.870362
0.147229
0.846557
0.756675
0.786248
0.757245
0.916998
0.821458
0.900199
0.379391
0.945519
0.196772
0.93657
0.174531
0.625011
0.858245
0.464397
0.316043
0.383845
0.907884
0.29797
0.846261
0.96958
0.827452
0.996436
0.829319
0.377482
0.911384
0.0782004
0.59891
0.560958
0.799966
0.823948
0.967577
0.718886
0.380961
0.725675
0.799347
0.967322
0.277576
0.65736
0.572246
0.679656
0.653216
0.784183
0.395327
0.879294
0.581054
0.612443
0.521124
0.913543
0.460794
0.690232
0.725155
0.764691
0.632047
0.621295
0.582302
0.544392
0.875283
0.710004
0.588497
0.453368
0.823064
0.468952
0.286495
0.635208
0.60655
0.449735
0.807502
0.743462
0.487515
0.147028
0.494415
0.775259
0.562649
0.802475
0.645458
0.778151
0.964474
0.671428
0.475637
0.730319
0.46041
0.654319
0.359581
0.706302
0.920263
0.838605
0.590781
0.513371
0.80412
0.720568
0.760348
0.162026
0.317685
0.844386
0.97511
0.72159
0.688419
0.693985
0.830588
0.495908
0.997016
0.978029
0.373134
0.703024
0.482605
0.905256
0.363992
0.925493
0.695497
0.919894
0.73401
0.872575
0.239611
0.938269
0.972582
0.555489
0.923735
0.29334
0.75878
0.136972
0.848024
0.947801
0.480515
0.525966
0.644491
0.931608
0.493432
0.925413
0.466828
0.671003
0.845951
0.78747
0.595417
0.574595
0.416291
0.883413
0.273593
0.75966
0.764185
0.788819
0.931943
0.933184
0.404585
0.946839
0.612882
0.162421
0.436119
0.766877
0.71396
0.416105
0.809128
0.812261
0.67369
0.877614
0.565134
0.48921
0.660165
0.795292
0.758781
0.416094
0.712904
0.777281
0.947082
0.82902
0.486936
0.952813
0.85352
0.432645
0.935383
0.385184
0.35854
0.844663
0.960638
0.971434
0.995961
0.829444
0.223306
0.784738
0.367317
0.794956
0.391733
0.750901
0.498437
0.834602
0.982367
0.533939
0.780215
0.356909
0.775201
0.638982
0.859275
0.964049
0.738921
0.858428
0.914809
0.676539
0.567542
0.972254
0.298913
0.990144
0.714631
0.965795
0.971223
0.561429
0.901629
0.648687
0.451108
0.245107
0.869583
0.82532
0.950317
0.795289
0.802211
0.15086
0.935779
0.807827
0.573249
0.387056
0.903837
0.826825
0.89191
0.513067
0.925845
0.716596
0.518482
0.371226
0.909723
0.337025
0.740068
0.680212
0.251323
0.620319
0.413082
0.540431
0.919799
0.381029
0.159498
0.914068
0.74361
0.919197
0.87974
0.98257
0.780513
0.239473
0.684504
0.286576
0.983018
0.973733
0.919106
0.510965
0.882976
0.998211
0.904869
0.783241
0.441188
0.581176
0.966554
0.984555
0.655174
0.949949
0.815217
0.901368
0.855206
0.633387
0.262495
0.82457
0.695346
0.797604
0.849314
0.885984
0.999511
0.724284
0.889929
0.367131
0.982539
0.569665
0.676672
0.241846
0.463585
0.428515
0.661054
0.471551
0.746238
0.905889
0.543955
0.876848
0.790635
0.979116
0.680886
0.943375
0.21899
0.951846
0.927138
0.613106
0.685723
0.979433
0.714463
0.838714
0.704891
0.809428
0.759284
0.456498
0.660373
0.596505
0.547678
0.609393
0.589715
0.512142
0.651987
0.471956
0.670173
0.448243
0.623272
0.455294
0.857585
0.876322
0.846933
0.92207
0.843407
0.626505
0.911562
0.437176
0.539664
0.995559
0.767429
0.403668
0.977051
0.933474
0.528562
0.508196
0.949638
0.874601
0.424459
0.545288
0.978383
0.836062
0.981396
0.501007
0.762576
0.829609
0.900848
0.535227
0.950009
0.955356
0.968824
0.127515
0.479315
0.697091
0.363966
0.838786
0.895564
0.545017
0.877087
0.571523
0.965217
0.634122
0.69591
0.851776
0.53456
0.253853
0.607107
0.438422
0.543098
0.580109
0.483795
0.770777
0.766747
0.462754
0.994902
0.730798
0.762132
0.153875
0.517847
0.910304
0.761906
0.982993
0.182163
0.619534
0.326054
0.772453
0.192519
0.971955
0.624484
0.421923
0.968452
0.965117
0.677078
0.407324
0.284848
0.97904
0.972884
0.801906
0.457708
0.584612
0.856997
0.960243
0.375849
0.408592
0.915047
0.683202
0.781628
0.306266
0.353064
0.989784
0.2577
0.90278
0.345834
0.646311
0.859348
0.736538
0.892885
0.970232
0.7274
0.916386
0.655207
0.397222
0.961654
0.841666
0.797886
0.332218
0.918948
0.43614
0.824618
0.675568
0.475156
0.494914
0.765216
0.737535
0.814552
0.447814
0.894395
0.468533
0.874361
0.981206
0.702328
0.485035
0.583471
0.791034
0.897091
0.224656
0.841511
0.179574
0.655464
0.649888
0.723808
0.950534
0.991919
0.937315
0.8214
0.562744
0.80961
0.932117
0.647696
0.969101
0.924218
0.818648
0.369768
0.698537
0.623933
0.983546
0.807835
0.605311
0.633467
0.595941
0.774284
0.751385
0.715665
0.728434
0.39495
0.305175
0.918183
0.816481
0.847218
0.58229
0.486238
0.813622
0.809566
0.531758
0.917427
0.552646
0.335689
0.688859
0.794519
0.828563
0.437707
0.341913
0.934063
0.582429
0.666851
0.90349
0.894381
0.576965
0.968607
0.316002
0.67847
0.653735
0.367199
0.593283
0.319417
0.945446
0.876344
0.154697
0.556849
0.332499
0.945374
0.585106
0.6238
0.317497
0.277895
0.820697
0.96951
0.162169
0.853847
0.741104
0.900542
0.792063
0.335322
0.727568
0.622679
0.840438
0.606535
0.752185
0.667678
0.713495
0.471961
0.7406
0.265374
0.593645
0.527338
0.403801
0.901002
0.791818
0.544035
0.899917
0.993881
0.656258
0.920494
0.966171
0.216568
0.800354
0.555149
0.636786
0.631039
0.941641
0.374451
0.429403
0.975422
0.430288
0.467392
0.878264
0.532668
0.190111
0.891347
0.781506
0.985033
0.925135
0.919595
0.654474
0.487218
0.906852
0.14552
0.455851
0.582583
0.747675
0.652288
0.978163
0.492793
0.331492
0.728015
0.593755
0.679394
0.703242
0.862433
0.624864
0.364813
0.903113
0.840375
0.616903
0.983736
0.473669
0.695711
0.277902
0.842697
0.846467
0.876227
0.333524
0.809794
0.773789
0.48586
0.180207
0.392245
0.350997
0.760388
0.502564
0.577702
0.921791
0.627805
0.786382
0.847833
0.868949
0.572879
0.811535
0.531654
0.883608
0.578272
0.763029
0.453983
0.825873
0.919349
0.430514
0.367294
0.847403
0.981438
0.260504
0.877022
0.540765
0.837952
0.307629
0.817855
0.302593
0.465409
0.960534
0.521261
0.329776
0.673304
0.686636
0.926801
0.920931
0.348872
0.710638
0.583395
0.756728
0.650087
0.812987
0.499837
0.501937
0.406797
0.578451
0.954175
0.751958
0.462117
0.832664
0.688473
0.576796
0.847701
0.522273
0.932741
0.697699
0.917705
0.105963
0.32063
0.828858
0.965466
0.999237
0.754056
0.355551
0.921339
0.336588
0.4719
0.857655
0.648622
0.434719
0.422713
0.897018
0.75028
0.939922
0.477871
0.983025
0.948768
0.927051
0.189736
0.653964
0.247599
0.600918
0.794758
0.604622
0.976271
0.852796
0.905133
0.922356
0.771146
0.232551
0.605309
0.468217
0.986654
0.927118
0.519243
0.842059
0.320728
0.69284
0.853887
0.635435
0.324548
0.820689
0.774962
0.954439
0.987184
0.924665
0.588319
0.752242
0.484468
0.874776
0.353843
0.9523
0.604521
0.888288
0.33764
0.985312
0.165748
0.983562
0.641708
0.767484
0.385928
0.857882
0.988824
0.918431
0.89115
0.497608
0.325982
0.478691
0.493683
0.926877
0.330996
0.729444
0.556829
0.874198
0.805285
0.511248
0.983093
0.607705
0.9229
0.38216
0.451371
0.0669065
0.396427
0.148226
0.642149
0.740452
0.306712
0.697569
0.18192
0.790903
0.305202
0.487622
0.682722
0.771862
0.79997
0.708163
0.690471
0.833766
0.991538
0.656612
0.695547
0.979208
0.606464
0.912829
0.588458
0.459091
0.63449
0.850442
0.680197
0.260192
0.996701
0.703841
0.603002
0.585581
0.95512
0.959061
0.58248
0.154917
0.879373
0.334305
0.999064
0.463394
0.714503
0.334974
0.816448
0.616785
0.905525
0.819277
0.870481
0.72868
0.680893
0.829298
0.770462
0.758827
0.579459
0.692929
0.307142
0.898822
0.755306
0.771537
0.882207
0.157667
0.149238
0.657864
0.623754
0.633784
0.415442
0.349116
0.64584
0.722584
0.58098
0.74144
0.877462
0.577893
0.698489
0.836653
0.888062
0.958307
0.482685
0.69179
0.532644
0.6855
0.78199
0.990898
0.992908
0.741568
0.947651
0.655843
0.903621
0.992928
0.763942
0.894294
0.553372
0.312564
0.671619
0.87814
0.691082
0.289443
0.880956
0.869966
0.573205
0.966847
0.7165
0.903715
0.929216
0.61559
0.409769
0.711471
0.368484
0.794346
0.352772
0.378932
0.493693
0.907872
0.966325
0.915353
0.947621
0.618134
0.328169
0.290739
0.150314
0.659636
0.951521
0.481843
0.511688
0.662946
0.863146
0.637174
0.834079
0.95319
0.508455
0.721277
0.500124
0.498721
0.619079
0.542391
0.899869
0.781573
0.791965
0.832684
0.592316
0.972108
0.544109
0.174558
0.657655
0.294559
0.728636
0.972153
0.61917
0.741847
0.514257
0.928594
0.260774
0.581101
0.715777
0.590026
0.769291
0.409243
0.856845
0.59841
0.822345
0.353141
0.751284
0.845397
0.610431
0.704845
0.879296
0.674585
0.301407
0.38127
0.72846
0.56849
0.972903
0.766922
0.96602
0.600651
0.630845
0.340687
0.796039
0.943091
0.576217
0.9674
0.652895
0.893865
0.848046
0.864497
0.960178
0.847933
0.919506
0.92778
0.936048
0.917845
0.430999
0.985877
0.685861
0.432019
0.560499
0.58224
0.871127
0.994454
0.628251
0.369101
0.604731
0.664808
0.806858
0.976978
0.54427
0.715604
0.982363
0.705706
0.775893
0.543031
0.83362
0.683779
0.804204
0.938243
0.789476
0.643896
0.955891
0.421121
0.475019
0.417808
0.792376
0.938866
0.996347
0.616434
0.937242
0.65673
0.707011
0.629003
0.944233
0.990319
0.623166
0.880559
0.678786
0.86419
0.647787
0.963864
0.486591
0.233445
0.835986
0.785328
0.329072
0.911273
0.359331
0.90666
0.807588
0.681822
0.663906
0.759445
0.933473
0.597996
0.569135
0.856725
0.933901
0.846721
0.261085
0.718226
0.191259
0.973792
0.982725
0.977561
0.333881
0.483755
0.623455
0.902017
0.784462
0.830725
0.677245
0.641544
0.238645
0.188464
0.381935
0.249046
0.990585
0.641724
0.686622
0.457448
0.359199
0.90689
0.667521
0.620988
0.684323
0.679038
0.810761
0.537547
0.744788
0.560811
0.99876
0.0810243
0.923615
0.914344
0.829535
0.881243
0.793405
0.131029
0.990287
0.966665
0.788165
0.209481
0.920298
0.759112
0.768984
0.780844
0.654111
0.785624
0.508829
0.708214
0.929498
0.763072
0.562489
0.574137
0.18045
0.79372
0.425086
0.682153
0.401969
0.740993
0.829819
0.82992
0.780399
0.857008
0.952446
0.19868
0.614984
0.438398
0.730178
0.885617
0.997023
0.525408
0.983954
0.854437
0.0958542
0.873981
0.66414
0.202118
0.439824
0.421196
0.732388
0.999184
0.997937
0.417165
0.726855
0.915522
0.302231
0.725033
0.904551
0.601479
0.751672
0.508046
0.94893
0.0468398
0.959388
0.977939
0.89894
0.822773
0.32175
0.911848
0.820309
0.445032
0.999338
0.840532
0.688077
0.87717
0.144883
0.95826
0.798594
0.46447
0.587273
0.98036
0.235634
0.870957
0.822701
0.612191
0.913412
0.82899
0.928001
0.775535
0.680628
0.456583
0.982007
0.835357
0.683531
0.963261
0.138412
0.631579
0.851081
0.265895
0.952462
0.818266
0.459303
0.557
0.718704
0.871214
0.608072
0.63029
0.507563
0.601048
0.891435
0.689894
0.997458
0.987965
0.925356
0.518843
0.495361
0.906254
0.839677
0.831463
0.893882
0.726852
0.103524
0.885233
0.805994
0.95808
0.692676
0.853727
0.68582
0.661666
0.731265
0.293792
0.993626
0.756598
0.599091
0.743452
0.827699
0.871683
0.481372
0.58905
0.34128
0.608718
0.96053
0.884675
0.945467
0.839786
0.898303
0.72285
0.42276
0.748227
0.832709
0.444202
0.250668
0.217512
0.806313
0.892535
0.405987
0.924754
0.212782
0.594618
0.869864
0.732525
0.754886
0.177658
0.855115
0.369857
0.783875
0.330006
0.626542
0.762094
0.990645
0.810306
0.662477
0.236365
0.564998
0.970635
0.747226
0.777864
0.747438
0.880694
0.957212
0.383685
0.358986
0.687624
0.897042
0.935873
0.289476
0.909505
0.492223
0.474327
0.974674
0.756945
0.79885
0.895583
0.112614
0.728589
0.910656
0.710157
0.398056
0.854057
0.849277
0.639349
0.126585
0.633623
0.967333
0.957
0.46174
0.344874
0.870683
0.689689
0.948509
0.172537
0.25782
0.781335
0.989098
0.729992
0.50768
0.771274
0.398848
0.379557
0.825959
0.71007
0.889606
0.874952
0.518922
0.498356
0.174329
0.595558
0.554767
0.993065
0.569811
0.87213
0.627415
0.679436
0.36461
0.496155
0.977174
0.722222
0.75308
0.846278
0.984576
0.788157
0.462868
0.981438
0.621988
0.614268
0.766217
0.994653
0.988382
0.595702
0.277684
0.669606
0.897757
0.964829
0.58184
0.932845
0.92929
0.950657
0.17319
0.604328
0.686892
0.513202
0.508585
0.543141
0.886268
0.741565
0.459168
0.952842
0.943982
0.813908
0.297689
0.398342
0.896056
0.969002
0.99289
0.908902
0.600447
0.925482
0.910637
0.919657
0.478476
0.885349
0.834081
0.591665
0.608092
0.871967
0.814742
0.841967
0.554503
0.913843
0.551673
0.921739
0.634208
0.394097
0.43662
0.300014
0.881123
0.494776
0.558055
0.326261
0.419143
0.514412
0.977176
0.994497
0.482031
0.343157
0.586164
0.970761
0.613033
0.852873
0.822798
0.528516
0.560058
0.949174
0.619333
0.684561
0.25897
0.196953
0.540565
0.647473
0.855348
0.831305
0.549859
0.970182
0.660001
0.36428
0.294559
0.549376
0.644119
0.909238
0.581042
0.331651
0.308433
0.925156
0.875241
0.996957
0.961691
0.630964
0.134397
0.962729
0.805144
0.530624
0.834759
0.353068
0.809005
0.817749
0.709733
0.24971
0.573853
0.79604
0.889828
0.717537
0.871487
0.923204
0.668392
0.734401
0.870149
0.596606
0.427617
0.377431
0.669945
0.854247
0.60741
0.982007
0.715594
0.895104
0.47182
0.794192
0.952788
0.844934
0.493748
0.717952
0.79599
0.173406
0.801626
0.944537
0.77322
0.426702
0.120212
0.564768
0.789113
0.679484
0.437154
0.925421
0.765964
0.540295
0.41644
0.70697
0.748378
0.587082
0.774728
0.138473
0.599174
0.796861
0.280249
0.773814
0.307636
0.459881
0.854197
0.988668
0.619328
0.815287
0.57207
0.510056
0.974255
0.985149
0.179492
0.748649
0.640865
0.601651
0.948574
0.894437
0.890487
0.843976
0.667065
0.588037
0.443589
0.685212
0.773001
0.323909
0.404983
0.555961
0.722562
0.941011
0.787447
0.722449
0.719456
0.937568
0.805481
0.910094
0.970798
0.989826
0.487532
0.784291
0.497335
0.242134
0.524446
0.503401
0.607699
0.953563
0.917899
0.581551
0.623862
0.922447
0.498777
0.685335
0.823485
0.548358
0.822867
0.878215
0.416612
0.699786
0.951407
0.906174
0.271006
0.468252
0.925421
0.633419
0.952337
0.440061
0.828148
0.212317
0.960437
0.957238
0.316695
0.601655
0.942377
0.718195
0.931393
0.538199
0.333584
0.689943
0.466911
0.375003
0.566096
0.944237
0.77005
0.419562
0.779409
0.683717
0.919885
0.79637
0.83582
0.782316
0.732276
0.737522
0.952398
0.358336
0.89176
0.485351
0.368795
0.961344
0.676652
0.0909612
0.779232
0.918187
0.848346
0.636286
0.290278
0.993094
0.640531
0.916884
0.658407
0.926117
0.473007
0.979263
0.863205
0.883725
0.624703
0.831537
0.44068
0.337667
0.398068
0.745642
0.736257
0.763569
0.727233
0.956327
0.848374
0.795193
0.851033
0.658325
0.886919
0.696268
0.219493
0.99363
0.565724
0.99455
0.723543
0.714203
0.117617
0.625844
0.545716
0.783873
0.254568
0.891657
0.609177
0.872116
0.436263
0.925328
0.0892766
0.841496
0.471182
0.525144
0.543629
0.853694
0.898831
0.703038
0.586036
0.878234
0.151309
0.349283
0.944492
0.345778
0.830203
0.644353
0.975132
0.848395
0.678186
0.969702
0.401352
0.761357
0.947377
0.780991
0.363131
0.545891
0.827856
0.671026
0.653693
0.778958
0.99492
0.98462
0.852316
0.940946
0.72138
0.859038
0.628562
0.429417
0.955086
0.268069
0.523239
0.924705
0.511076
0.432774
0.772744
0.918686
0.976019
0.935794
0.791652
0.964718
0.174153
0.902127
0.626827
0.142844
0.761364
0.910938
0.295598
0.907227
0.849959
0.638044
0.518408
0.674769
0.819481
0.826409
0.747338
0.307227
0.854275
0.876932
0.619526
0.748433
0.882528
0.346881
0.17688
0.9098
0.874808
0.899847
0.240782
0.908402
0.581708
0.665151
0.983674
0.517326
0.977832
0.960011
0.411312
0.254617
0.283052
0.867826
0.569088
0.980926
0.407913
0.612088
0.992081
0.714098
0.639495
0.61965
0.677623
0.503199
0.34751
0.949311
0.999057
0.832627
0.437428
0.81146
0.758204
0.935289
0.952649
0.732409
0.824152
0.93261
0.432204
0.734254
0.289395
0.818743
0.573612
0.569776
0.668343
0.995671
0.48563
0.711373
0.728206
0.56564
0.859057
0.557673
0.27409
0.948587
0.68157
0.395498
0.0792052
0.958628
0.623771
0.706393
0.813051
0.499202
0.430113
0.904676
0.614202
0.95248
0.604168
0.103559
0.976218
0.649711
0.173771
0.724278
0.998791
0.892922
0.143381
0.344923
0.130792
0.701526
0.363808
0.254338
0.960527
0.979512
0.851486
0.958442
0.41802
0.792637
0.647322
0.861851
0.640928
0.887601
0.273907
0.921722
0.593623
0.656304
0.574046
0.337947
0.278668
0.595656
0.667474
0.465441
0.801449
0.574537
0.84139
0.575984
0.809238
0.432341
0.47035
0.411287
0.888218
0.506309
0.648924
0.755592
0.513139
0.78938
0.484262
0.941431
0.523252
0.587173
0.463633
0.52004
0.919276
0.856389
0.861665
0.149762
0.603631
0.879302
0.485549
0.835736
0.781165
0.925227
0.647873
0.713428
0.89092
0.513513
0.603997
0.921797
0.754379
0.69177
0.457617
0.271699
0.933654
0.44225
0.263496
0.700075
0.777859
0.727175
0.437147
0.10039
0.59986
0.765553
0.989269
0.707972
0.476129
0.859094
0.449546
0.625217
0.400583
0.375014
0.70955
0.83777
0.996854
0.994471
0.947681
0.963959
0.878898
0.451948
0.821882
0.50787
0.637749
0.968296
0.325439
0.907101
0.438506
0.439677
0.391912
0.75165
0.844316
0.41983
0.930083
0.886522
0.66063
0.962368
0.789753
0.902488
0.968618
0.146845
0.931516
0.227258
0.955466
0.74204
0.808891
0.869456
0.943425
0.480853
0.823168
0.862779
0.967824
0.477531
0.831939
0.830005
0.957633
0.828226
0.524772
0.571573
0.976772
0.313658
0.781644
0.364977
0.923649
0.453337
0.758323
0.731335
0.239268
0.612396
0.889226
0.619284
0.803732
0.802557
0.455923
0.139441
0.820027
0.924487
0.689126
0.767756
0.445843
0.67889
0.565701
0.813059
0.886082
0.861247
0.226034
0.812435
0.636418
0.988324
0.818621
0.829628
0.81308
0.722433
0.204009
0.693103
0.568154
0.701586
0.898054
0.439131
0.443455
0.925183
0.390639
0.895845
0.715555
0.422806
0.863428
0.358619
0.784533
0.988538
0.930156
0.996737
0.777456
0.509265
0.833217
0.482386
0.598163
0.697089
0.729635
0.184684
0.118433
0.763575
0.731946
0.862275
0.475397
0.491669
0.724752
0.584163
0.138346
0.493187
0.506457
0.889547
0.603491
0.231149
0.82445
0.907373
0.541131
0.978797
0.743401
0.724744
0.575786
0.34582
0.790927
0.813577
0.469009
0.773725
0.740402
0.885011
0.24714
0.991406
0.937879
0.57935
0.654129
0.53493
0.663551
0.880387
0.812479
0.56398
0.793957
0.401501
0.817013
0.626519
0.763903
0.538279
0.476882
0.735744
0.939291
0.649724
0.617615
0.410791
0.567167
0.379102
0.897224
0.778454
0.644024
0.582583
0.494134
0.722098
0.955044
0.586716
0.743797
0.745984
0.945138
0.892344
0.968818
0.827501
0.526622
0.794426
0.238603
0.91723
0.957813
0.480026
0.530258
0.744378
0.600628
0.902681
0.760228
0.527322
0.523555
0.928079
0.502735
0.98604
0.923331
0.436587
0.42766
0.835676
0.226936
0.242395
0.979431
0.323209
0.391188
0.355604
0.793446
0.618496
0.159413
0.549127
0.886553
0.669606
0.739702
0.842954
0.883249
0.992722
0.916761
0.614712
0.97634
0.640362
0.468875
0.932946
0.96915
0.953086
0.539077
0.589409
0.96594
0.745085
0.456843
0.958343
0.59113
0.945287
0.660838
0.154555
0.955969
0.308731
0.0259483
0.452295
0.717782
0.459235
0.622761
0.728387
0.536659
0.610835
0.743915
0.175286
0.783371
0.639647
0.41875
0.967865
0.633442
0.769989
0.84535
0.792942
0.643686
0.450718
0.829268
0.272095
0.735937
0.705961
0.614977
0.644892
0.450143
0.508377
0.356504
0.796767
0.46637
0.783637
0.924387
0.342119
0.717514
0.73967
0.810105
0.8454
0.740254
0.490536
0.459299
0.795435
0.92929
0.50505
0.478736
0.964618
0.708136
0.526561
0.288938
0.731531
0.392839
0.758038
0.930309
0.968266
0.832237
0.570273
0.556701
0.782513
0.886064
0.376863
0.519427
0.281721
0.840431
0.91071
0.880956
0.738861
0.241153
0.827956
0.964148
0.0313451
0.269735
0.86041
0.658628
0.324538
0.669902
0.888196
0.687179
0.915561
0.79559
0.585044
0.297032
0.680112
0.761503
0.724989
0.720071
0.69791
0.556475
0.661355
0.636477
0.359325
0.396034
0.66058
0.267367
0.659535
0.635971
0.770202
0.706566
0.424314
0.57552
0.554102
0.409832
0.262353
0.910086
0.175692
0.793378
0.986587
0.466806
0.286148
0.751946
0.530928
0.600992
0.908291
0.739261
0.904951
0.67893
0.962472
0.714318
0.2605
0.862885
0.521863
0.351405
0.682376
0.135588
0.496638
0.812105
0.854858
0.496285
0.589296
0.379565
0.352978
0.888409
0.888434
0.0797512
0.991391
0.998128
0.528401
0.194331
0.635059
0.317742
0.658873
0.233968
0.866293
0.631377
0.706316
0.883365
0.160575
0.750604
0.35285
0.731091
0.761649
0.94681
0.63182
0.702838
0.53816
0.664855
0.417466
0.736437
0.785109
0.553062
0.480476
0.799389
0.334772
0.562591
0.266053
0.491014
0.872916
0.921271
0.683832
0.970741
0.291108
0.543188
0.867513
0.47932
0.953713
0.555389
0.722597
0.514877
0.510753
0.853806
0.66886
0.492956
0.905586
0.682926
0.773989
0.357207
0.147896
0.351479
0.821174
0.949786
0.872802
0.571835
0.788756
0.454772
0.864376
0.89785
0.603634
0.703762
0.756503
0.274387
0.325576
0.0966511
0.838367
0.350715
0.677096
0.294019
0.928669
0.207427
0.568378
0.775306
0.755354
0.547779
0.782585
0.724971
0.808732
0.497293
0.347745
0.358863
0.569357
0.909556
0.708315
0.638358
0.381423
0.263564
0.376485
0.501548
0.677627
0.734894
0.673385
0.860279
0.578872
0.818253
0.335539
0.53573
0.614781
0.887313
0.962322
0.85536
0.489333
0.491784
0.999535
0.820149
0.827693
0.906793
0.480151
0.744239
0.623789
0.218138
0.638941
0.947595
0.323293
0.755396
0.939591
0.841694
0.881354
0.471608
0.206745
0.573995
0.499478
0.995928
0.662194
0.857807
0.322024
0.774507
0.857113
0.463952
0.600101
0.936013
0.616248
0.451782
0.203408
0.99275
0.128492
0.727223
0.732616
0.95916
0.690481
0.551849
0.973987
0.829463
0.838893
0.650791
0.851675
0.555065
0.638196
0.941529
0.928068
0.95446
0.875683
0.633928
0.895898
0.686532
0.429849
0.561837
0.831371
0.686564
0.888152
0.0887397
0.810162
0.552483
0.920687
0.471108
0.817444
0.672802
0.600749
0.803252
0.565588
0.79824
0.672858
0.858753
0.589107
0.849425
0.880631
0.604948
0.429096
0.195696
0.581257
0.703747
0.975762
0.926847
0.934962
0.942544
0.704983
0.107874
0.43068
0.976108
0.822156
0.216299
0.957234
0.714627
0.519037
0.534306
0.902671
0.80279
0.899179
0.276992
0.429949
0.734697
0.710407
0.557406
0.535135
0.747543
0.443248
0.544138
0.987219
0.55767
0.597551
0.92726
0.529565
0.673191
0.854632
0.784306
0.478894
0.727635
0.555213
0.607008
0.930777
0.393539
0.747992
0.661666
0.455701
0.555845
0.697784
0.676625
0.499621
0.937939
0.458648
0.933666
0.765503
0.770675
0.822746
0.499423
0.307468
0.75572
0.600925
0.644981
0.598559
0.931591
0.677644
0.511442
0.957475
0.0551965
0.838106
0.850168
0.913571
0.184948
0.84634
0.639713
0.664792
0.640126
0.674966
0.839253
0.706821
0.615977
0.802217
0.550457
0.928049
0.889819
0.911414
0.136562
0.991031
0.812693
0.658427
0.693734
0.665765
0.925591
0.880958
0.951738
0.493019
0.605635
0.617503
0.813424
0.860899
0.930926
0.861142
0.454941
0.829185
0.77467
0.377259
0.918445
0.982103
0.657259
0.715059
0.08582
0.941884
0.644455
0.991442
0.241787
0.562764
0.794717
0.55005
0.475575
0.862965
0.814812
0.911744
0.414156
0.323555
0.591742
0.86723
0.242902
0.755011
0.608334
0.899123
0.839558
0.919027
0.796365
0.252389
0.699204
0.885745
0.199018
0.746532
0.870342
0.975742
0.870113
0.575223
0.492899
0.76317
0.762828
0.373483
0.175904
0.46553
0.259458
0.908245
0.792044
0.675992
0.838345
0.0847287
0.635377
0.852217
0.286054
0.91344
0.962234
0.215527
0.337617
0.451426
0.963017
0.815884
0.419244
0.632536
0.716193
0.851493
0.611107
0.58412
0.732324
0.343933
0.964808
0.292971
0.403422
0.901434
0.651738
0.260529
0.675539
0.613355
0.902995
0.262193
0.567617
0.934647
0.576909
0.0448816
0.437435
0.962338
0.626751
0.900628
0.304707
0.815044
0.398744
0.68372
0.672579
0.326792
0.571415
0.867347
0.720639
0.963819
0.987184
0.72037
0.825205
0.563556
0.423454
0.686972
0.721325
0.713737
0.956389
0.51329
0.861819
0.987557
0.73493
0.752009
0.628589
0.375598
0.8331
0.788557
0.970979
0.481931
0.422203
0.647719
0.476892
0.565353
0.836939
0.144171
0.88531
0.720195
0.516613
0.915986
0.879758
0.569814
0.914851
0.810129
0.783856
0.884879
0.525611
0.585277
0.45839
0.356107
0.865478
0.994385
0.958513
0.99906
0.634703
0.545666
0.501903
0.591954
0.795548
0.898307
0.828924
0.572292
0.114683
0.885118
0.958943
0.922017
0.557414
0.592367
0.0402711
0.774511
0.317873
0.914463
0.615888
0.829231
0.451334
0.51259
0.626643
0.655188
0.613014
0.896322
0.59579
0.980319
0.818783
0.784291
0.568042
0.504401
0.554485
0.772156
0.380797
0.943173
0.990074
0.0646912
0.434793
0.616221
0.869711
0.448006
0.965517
0.657762
0.392209
0.731287
0.340199
0.663997
0.833148
0.568508
0.423776
0.74093
0.976112
0.60212
0.759515
0.705142
0.940701
0.999332
0.675438
0.571196
0.626671
0.47028
0.705682
0.484248
0.975952
0.47856
0.928154
0.816819
0.921403
0.276388
0.781121
0.849738
0.863249
0.0882581
0.416034
0.473564
0.510649
0.459941
0.97585
0.891543
0.73303
0.74075
0.694493
0.55166
0.78402
0.936645
0.820207
0.284989
0.604773
0.590406
0.306837
0.904717
0.578021
0.683045
0.486543
0.806297
0.637186
0.262595
0.788977
0.957506
0.959213
0.830642
0.569113
0.946161
0.906847
0.579823
0.560114
0.371471
0.788479
0.435825
0.719175
0.942276
0.0732493
0.143845
0.70563
0.26672
0.920457
0.521131
0.733189
0.51037
0.726108
0.867209
0.14632
0.54188
0.991834
0.696814
0.826549
0.641423
0.8714
0.699647
0.721745
0.655043
0.71958
0.329435
0.917591
0.721291
0.864523
0.485296
0.570466
0.94766
0.908729
0.900393
0.36503
0.342785
0.504463
0.595223
0.880621
0.569109
0.947436
0.780524
0.152378
0.730189
0.806973
0.889178
0.672343
0.893843
0.899807
0.779871
0.795835
0.903599
0.933495
0.590946
0.695684
0.486458
0.683491
0.564575
0.6128
0.652929
0.326119
0.823545
0.99193
0.99634
0.76453
0.99196
0.978303
0.937587
0.601917
0.822429
0.164293
0.251688
0.967668
0.123336
0.697627
0.585671
0.237244
0.696759
0.740841
0.427611
0.843287
0.438916
0.719955
0.676902
0.970818
0.722323
0.669002
0.348517
0.636902
0.517681
0.691085
0.885225
0.648992
0.909418
0.422508
0.493498
0.696183
0.686867
0.958291
0.136697
0.554178
0.28609
0.687535
0.974204
0.89828
0.16438
0.791212
0.767838
0.212355
0.22455
0.944212
0.935222
0.378281
0.839806
0.724255
0.831393
0.50712
0.448399
0.461881
0.546298
0.276856
0.601562
0.248788
0.475398
0.422251
0.901237
0.780043
0.205971
0.689482
0.815344
0.989035
0.0987894
0.492922
0.403128
0.729963
0.404836
0.880452
0.559615
0.725323
0.92981
0.864549
0.877856
0.820193
0.12883
0.255921
0.873767
0.889585
0.967175
0.344118
0.623583
0.341773
0.869514
0.791664
0.505535
0.836791
0.833602
0.301085
0.360079
0.322535
0.796417
0.600904
0.580845
0.991715
0.97712
0.217656
0.564998
0.28138
0.666884
0.958524
0.942808
0.215009
0.779616
0.972678
0.956903
0.84705
0.838897
0.403953
0.933797
0.946317
0.972388
0.486429
0.938487
0.918448
0.908826
0.655499
0.443541
0.873405
0.604886
0.680457
0.838902
0.716689
0.539798
0.167488
0.697895
0.372302
0.458878
0.558476
0.656107
0.871783
0.953112
0.860594
0.712854
0.701298
0.741584
0.868306
0.797697
0.766826
0.250732
0.353962
0.289202
0.829451
0.932673
0.801258
0.604263
0.645208
0.189147
0.977177
0.67916
0.50461
0.121559
0.954434
0.0289755
0.585738
0.901872
0.88951
0.857627
0.901007
0.636195
0.842867
0.603739
0.140547
0.767069
0.465763
0.61079
0.515633
0.344008
0.95712
0.387017
0.927444
0.930913
0.352021
0.280712
0.842341
0.76072
0.542575
0.393302
0.513732
0.946483
0.841637
0.752772
0.95974
0.945327
0.777022
0.401456
0.268783
0.825741
0.0767851
0.372115
0.969405
0.539395
0.836956
0.594855
0.457974
0.787173
0.619106
0.587509
0.826927
0.548178
0.958084
0.413763
0.558607
0.811288
0.843718
0.543528
0.41099
0.980993
0.963454
0.399722
0.856999
0.931251
0.428619
0.76556
0.353609
0.636485
0.434914
0.984408
0.620845
0.669327
0.937894
0.53257
0.967221
0.797879
0.656501
0.687374
0.942273
0.739674
0.982219
0.650217
0.89113
0.775931
0.26821
0.883499
0.180654
0.574729
0.660235
0.604136
0.233936
0.947422
0.941043
0.510435
0.334917
0.501057
0.89492
0.438245
0.734139
0.71996
0.586941
0.724164
0.946533
0.632917
0.613043
0.916504
0.959854
0.716727
0.917208
0.530017
0.673257
0.695984
0.668041
0.522879
0.676359
0.930691
0.751586
0.399775
0.664739
0.88737
0.8046
0.934495
0.880346
0.513631
0.865551
0.990306
0.477334
0.639026
0.954937
0.39871
0.934083
0.126969
0.685609
0.724769
0.394805
0.836711
0.583403
0.512963
0.753624
0.202469
0.516088
0.268073
0.576739
0.760934
0.530474
0.93723
0.419414
0.564228
0.499624
0.193251
0.326309
0.959886
0.412601
0.947577
0.607542
0.856011
0.481599
0.891089
0.430973
0.638718
0.482121
0.31754
0.197073
0.52989
0.74641
0.73451
0.749275
0.500234
0.125233
0.700079
0.705549
0.82975
0.631945
0.949437
0.948816
0.897006
0.643944
0.728357
0.820275
0.543045
0.385594
0.67184
0.988107
0.914876
0.655883
0.933372
0.974598
0.909772
0.862559
0.224959
0.382106
0.930258
0.710286
0.305056
0.779522
0.597003
0.405608
0.94293
0.876846
0.525565
0.183624
0.631216
0.81274
0.491875
0.798135
0.23658
0.578008
0.645621
0.224681
0.913456
0.66725
0.687622
0.9879
0.59034
0.901823
0.558922
0.576734
0.82946
0.463052
0.994621
0.955129
0.487316
0.950337
0.581394
0.668872
0.958933
0.843884
0.821872
0.894064
0.609328
0.464749
0.650187
0.991393
0.512438
0.882695
0.293331
0.788629
0.97609
0.25906
0.802383
0.835378
0.573281
0.892782
0.822213
0.462944
0.198467
0.974232
0.62878
0.997123
0.762009
0.466015
0.39189
0.173901
0.805294
0.879401
0.687226
0.760197
0.81961
0.672817
0.881789
0.965381
0.536857
0.254284
0.510526
0.309643
0.756013
0.977725
0.454004
0.649412
0.621692
0.441392
0.63487
0.676868
0.493638
0.513679
0.81276
0.978237
0.864993
0.475876
0.489684
0.517192
0.415754
0.645115
0.801844
0.99613
0.619045
0.46369
0.632712
0.941207
0.398246
0.674362
0.537045
0.625159
0.422507
0.858825
0.785452
0.901064
0.801245
0.837771
0.856613
0.10441
0.92152
0.321099
0.828918
0.849568
0.910663
0.456162
0.837886
0.789164
0.662724
0.727827
0.627678
0.846389
0.659565
0.902796
0.380587
0.732313
0.421663
0.952712
0.791546
0.963345
0.532623
0.545168
0.53704
0.249484
0.477927
0.787474
0.769404
0.360923
0.762382
0.75588
0.0529239
0.386848
0.448801
0.842405
0.565094
0.651084
0.555008
0.586221
0.86492
0.256722
0.621729
0.55218
0.648225
0.693542
0.957974
0.770469
0.338662
0.500525
0.99229
0.299561
0.920163
0.849399
0.71428
0.73877
0.537815
0.998869
0.95183
0.623152
0.788462
0.691111
0.387854
0.513699
0.15922
0.733435
0.367731
0.350541
0.95061
0.433925
0.93738
0.51859
0.806675
0.322509
0.761311
0.881874
0.646001
0.605465
0.0329298
0.81636
0.757033
0.944061
0.970867
0.212145
0.415681
0.333041
0.867661
0.992687
0.848936
0.449499
0.363901
0.988867
0.85356
0.703753
0.708382
0.879448
0.548303
0.975314
0.483403
0.656352
0.754122
0.884267
0.892813
0.967913
0.75934
0.324302
0.992333
0.0548205
0.460348
0.54821
0.677644
0.131747
0.858011
0.365431
0.272203
0.564973
0.417067
0.534517
0.7416
0.729344
0.940578
0.430911
0.963932
0.25853
0.988895
0.854359
0.534286
0.344549
0.580049
0.813874
0.586484
0.803265
0.487844
0.143005
0.747606
0.424261
0.491143
0.62006
0.456053
0.869917
0.147539
0.833101
0.977176
0.904905
0.687082
0.80855
0.916094
0.415823
0.61746
0.944091
0.815662
0.336277
0.58366
0.240502
0.738121
0.699022
0.999807
0.36346
0.885115
0.204814
0.587849
0.520545
0.880054
0.707262
0.917849
0.961269
0.846236
0.522386
0.615222
0.526655
0.753601
0.841109
0.796453
0.722097
0.705913
0.737458
0.863566
0.938514
0.31357
0.860735
0.731772
0.407248
0.926032
0.960999
0.563825
0.87502
0.360546
0.596342
0.336401
0.544924
0.668333
0.926216
0.461364
0.699835
0.732178
0.774573
0.136018
0.742301
0.548356
0.381822
0.915442
0.828509
0.473007
0.886321
0.621973
0.395002
0.87914
0.708601
0.854373
0.774129
0.470326
0.265339
0.666445
0.791465
0.804011
0.819975
0.732663
0.933871
0.934931
0.607695
0.579024
0.351725
0.370798
0.280663
0.873498
0.84309
0.58145
0.673207
0.736417
0.296575
0.336709
0.518049
0.337442
0.521318
0.741826
0.486652
0.293394
0.46249
0.913743
0.95768
0.98839
0.843926
0.85133
0.442962
0.198202
0.550262
0.707877
0.954275
0.658063
0.563469
0.799341
0.990994
0.967595
0.763239
0.726423
0.414384
0.907463
0.994878
0.642248
0.708751
0.524635
0.847826
0.764933
0.990674
0.842224
0.792573
0.397213
0.725843
0.980235
0.534516
0.97609
0.933609
0.828546
0.862764
0.494674
0.394591
0.552081
0.32038
0.7223
0.929715
0.850112
0.265214
0.936192
0.57709
0.996072
0.68046
0.559561
0.349634
0.468593
0.471193
0.712439
0.724654
0.471398
0.476952
0.922478
0.762359
0.995508
0.564188
0.826491
0.963762
0.660242
0.480863
0.959449
0.537639
0.999061
0.416316
0.867138
0.788233
0.689741
0.311867
0.925187
0.747931
0.844832
0.728449
0.793274
0.340342
0.989483
0.4585
0.923166
0.334622
0.746927
0.644259
0.978347
0.920118
0.988414
0.569893
0.436162
0.557238
0.632082
0.741437
0.943621
0.910426
0.838508
0.515312
0.863218
0.585485
0.850523
0.925217
0.598284
0.954184
0.517795
0.79203
0.532366
0.333518
0.493436
0.954623
0.95071
0.695803
0.427867
0.565928
0.345237
0.548669
0.478633
0.852435
0.533571
0.828317
0.560512
0.596392
0.746143
0.213184
0.918993
0.840525
0.715158
0.810587
0.11205
0.881311
0.227959
0.979466
0.85534
0.575607
0.218629
0.86056
0.81367
0.385085
0.578487
0.687319
0.942024
0.248781
0.873308
0.727401
0.775021
0.96897
0.423226
0.965927
0.934408
0.746326
0.771734
0.855936
0.988183
0.707236
0.703363
0.681479
0.474976
0.416006
0.780197
0.163533
0.779233
0.923501
0.369549
0.799738
0.842826
0.609069
0.853458
0.999451
0.679484
0.40318
0.523018
0.809949
0.671123
0.932049
0.768277
0.888011
0.534669
0.608833
0.914069
0.947946
0.434043
0.528643
0.603557
0.930434
0.977498
0.954216
0.578702
0.597003
0.454017
0.275561
0.812172
0.792378
0.974424
0.422279
0.828983
0.853982
0.29267
0.937067
0.855083
0.182455
0.838045
0.889008
0.277375
0.389764
0.797349
0.952172
0.864406
0.814331
0.842554
0.498877
0.984549
0.401971
0.551158
0.737166
0.939003
0.856956
0.339823
0.641813
0.672372
0.467349
0.681339
0.935241
0.338765
0.782437
0.904404
0.920647
0.732349
0.597777
0.434743
0.784876
0.841501
0.695301
0.991278
0.360115
0.953111
0.582242
0.75965
0.922648
0.990227
0.786968
0.446068
0.926605
0.802222
0.410876
0.2173
0.813579
0.589218
0.402832
0.723048
0.667795
0.509431
0.752761
0.0722738
0.802836
0.544465
0.766245
0.972079
0.842966
0.748462
0.691268
0.290046
0.676434
0.548621
0.533552
0.426007
0.501268
0.770439
0.160617
0.325465
0.897536
0.776441
0.371728
0.453862
0.954543
0.55807
0.253191
0.0577133
0.470763
0.867968
0.881707
0.929978
0.893123
0.787512
0.378789
0.933842
0.819784
0.669461
0.613927
0.305751
0.991909
0.940497
0.350535
0.329419
0.90288
0.981952
0.524224
0.489775
0.304616
0.769783
0.562235
0.544207
0.60104
0.893821
0.250485
0.685587
0.544336
0.608831
0.68006
0.370276
0.934224
0.702914
0.30827
0.709015
0.91761
0.654999
0.957411
0.749991
0.802036
0.668745
0.472486
0.71569
0.959846
0.66256
0.955992
0.68079
0.246834
0.796385
0.873273
0.839897
0.451843
0.787862
0.688589
0.546565
0.179165
0.314683
0.297966
0.295889
0.660457
0.726595
0.943782
0.64953
0.581909
0.435329
0.374129
0.977111
0.303402
0.831298
0.953611
0.534764
0.851553
0.969552
0.715433
0.97459
0.900688
0.636255
0.907973
0.58436
0.231692
0.831112
0.778118
0.917803
0.381585
0.898478
0.839814
0.913229
0.430045
0.412242
0.23564
0.69725
0.405356
0.492187
0.183964
0.837303
0.88288
0.766696
0.956162
0.685826
0.971446
0.538282
0.366119
0.777598
0.141629
0.428967
0.440777
0.914437
0.524602
0.982437
0.155245
0.604495
0.852536
0.813286
0.770535
0.446367
0.975205
0.199831
0.873859
0.669805
0.672369
0.723872
0.547743
0.741634
0.975879
0.750012
0.975803
0.820901
0.641179
0.53523
0.439031
0.841133
0.834884
0.320003
0.114664
0.771583
0.357661
0.594124
0.325781
0.92392
0.455813
0.552884
0.495437
0.643771
0.895606
0.764831
0.64067
0.589443
0.527065
0.261238
0.524956
0.917538
0.177009
0.854618
0.444754
0.884362
0.669424
0.617324
0.18859
0.868718
0.447974
0.570518
0.77183
0.329657
0.694812
0.668725
0.931357
0.901925
0.779263
0.933878
0.853345
0.951385
0.913243
0.466334
0.433158
0.56785
0.701837
0.206012
0.236662
0.432119
0.74093
0.301904
0.692325
0.540298
0.860257
0.458967
0.897709
0.341686
0.752934
0.806335
0.373301
0.93974
0.351035
0.812334
0.572621
0.900199
0.987025
0.859571
0.796127
0.149856
0.669178
0.719283
0.262687
0.553937
0.535115
0.934353
0.565344
0.576353
0.688129
0.789593
0.387304
0.880629
0.925687
0.832718
0.802228
0.752468
0.775061
0.302021
0.81685
0.739417
0.302343
0.917959
0.557097
0.961844
0.742332
0.815394
0.408616
0.953442
0.753349
0.844128
0.842593
0.993431
0.920533
0.427774
0.703422
0.82711
0.984249
0.304392
0.731591
0.174241
0.301219
0.757708
0.818308
0.508751
0.13316
0.580933
0.578234
0.826154
0.906038
0.609213
0.939406
0.58767
0.505152
0.340306
0.595655
0.951878
0.692998
0.989968
0.966672
0.944412
0.887379
0.347761
0.322316
0.193594
0.817988
0.144354
0.49722
0.185313
0.227748
0.9989
0.446744
0.198632
0.347678
0.244393
0.812406
0.743893
0.962753
0.916411
0.950557
0.531773
0.644944
0.286686
0.479097
0.909068
0.940107
0.531673
0.752402
0.687803
0.765748
0.268695
0.533942
0.553276
0.946531
0.779097
0.921698
0.920444
0.923332
0.755514
0.515718
0.632877
0.814536
0.979167
0.381796
0.208631
0.312452
0.873498
0.644037
0.531936
0.23905
0.498404
0.793129
0.463378
0.644535
0.665092
0.847077
0.425928
0.971215
0.835898
0.759424
0.888196
0.486187
0.859106
0.402821
0.715328
0.445994
0.898049
0.281704
0.764435
0.977069
0.767703
0.767275
0.849803
0.868528
0.547583
0.462809
0.847023
0.471194
0.677766
0.704383
0.783097
0.881708
0.739481
0.138409
0.410938
0.746058
0.0461388
0.717021
0.468769
0.0968515
0.986875
0.762847
0.812492
0.777496
0.423496
0.759352
0.613371
0.918427
0.892486
0.906523
0.89165
0.535893
0.79876
0.719847
0.208483
0.82928
0.342977
0.819534
0.558709
0.438081
0.45676
0.387087
0.39834
0.705463
0.751771
0.971896
0.81332
0.342222
0.964922
0.402381
0.80017
0.960045
0.853356
0.3971
0.889703
0.919864
0.735381
0.44775
0.93639
0.540543
0.918814
0.977874
0.904579
0.693985
0.895732
0.417356
0.346259
0.638895
0.517453
0.90135
0.650843
0.160195
0.990224
0.589792
0.93352
0.846465
0.647969
0.326655
0.715108
0.538314
0.641976
0.900876
0.773609
0.95359
0.660079
0.698969
0.400064
0.942111
0.873687
0.868892
0.408877
0.905366
0.575619
0.210526
0.891938
0.617763
0.532181
0.884796
0.936906
0.977898
0.405224
0.608967
0.906558
0.688809
0.685428
0.924457
0.706517
0.415222
0.595126
0.883013
0.446704
0.78729
0.952501
0.719499
0.646314
0.896367
0.247263
0.975521
0.362442
0.861577
0.984676
0.205842
0.424097
0.876802
0.173891
0.926578
0.59815
0.549605
0.456772
0.61131
0.586947
0.557598
0.53425
0.463039
0.751754
0.73048
0.912834
0.495634
0.634443
0.483392
0.15017
0.853645
0.773557
0.94855
0.180998
0.839137
0.984168
0.927449
0.500028
0.237173
0.681773
0.236462
0.941015
0.676616
0.884401
0.943251
0.912025
0.885471
0.78387
0.411452
0.388225
0.469596
0.979539
0.376953
0.717809
0.30711
0.30017
0.499437
0.852619
0.840256
0.844781
0.851713
0.631156
0.817806
0.43776
0.893781
0.950019
0.516671
0.173264
0.805043
0.918481
0.727044
0.824567
0.723315
0.293778
0.970299
0.426764
0.920302
0.789723
0.636506
0.372208
0.890401
0.611034
0.858017
0.963345
0.444847
0.888499
0.978643
0.772457
0.351825
0.76955
0.151467
0.575136
0.264054
0.831036
0.673594
0.825414
0.717394
0.484183
0.422045
0.556826
0.811391
0.728667
0.977121
0.504396
0.853626
0.814107
0.988594
0.248867
0.571531
0.345621
0.558271
0.691943
0.770742
0.962822
0.726528
0.763276
0.647805
0.788483
0.462717
0.759463
0.387727
0.91631
0.678293
0.591504
0.439545
0.487754
0.923442
0.800275
0.537225
0.861455
0.505909
0.787014
0.695654
0.367282
0.970558
0.889993
0.770306
0.473731
0.723513
0.588069
0.868908
0.537201
0.821719
0.993933
0.93866
0.753745
0.800899
0.250179
0.896137
0.610519
0.902946
0.938032
0.912576
0.704514
0.445164
0.951413
0.532818
0.518924
0.745759
0.364756
0.3171
0.58436
0.241951
0.710083
0.853549
0.997044
0.965836
0.783103
0.701455
0.0825768
0.769545
0.416321
0.10134
0.69844
0.7891
0.495166
0.702437
0.483021
0.76646
0.784578
0.355083
0.779234
0.576928
0.58312
0.696526
0.90819
0.600384
0.42897
0.789053
0.880684
0.958294
0.501234
0.719065
0.529568
0.439818
0.648615
0.465885
0.953255
0.799708
0.784725
0.971554
0.344768
0.598725
0.661082
0.768657
0.682493
0.466433
0.980266
0.526176
0.805466
0.800471
0.280547
0.428115
0.505334
0.398628
0.667111
0.637729
0.780966
0.533256
0.820201
0.987798
0.868745
0.833623
0.959471
0.960968
0.912908
0.86003
0.421998
0.902519
0.466507
0.982357
0.799949
0.538101
0.847606
0.759252
0.656634
0.989703
0.430955
0.512621
0.742355
0.74306
0.568956
0.873042
0.876771
0.95104
0.997287
0.928081
0.305505
0.735902
0.591254
0.853544
0.393286
0.31414
0.913481
0.943353
0.990797
0.595616
0.874471
0.675402
0.842181
0.928138
0.531997
0.977492
0.891298
0.902107
0.793724
0.693574
0.220913
0.577314
0.829509
0.594355
0.986935
0.501369
0.59531
0.358381
0.82553
0.813143
0.486422
0.88994
0.793604
0.583799
0.980171
0.544676
0.782112
0.62377
0.833159
0.201264
0.835131
0.773608
0.629393
0.229197
0.621504
0.48248
0.733209
0.982806
0.733251
0.831652
0.844692
0.607001
0.924804
0.904828
0.476524
0.81413
0.975313
0.767178
0.578662
0.657561
0.932956
0.490386
0.511737
0.921665
0.41496
0.671701
0.831114
0.826652
0.834741
0.807131
0.992061
0.459138
0.663315
0.574418
0.687316
0.769896
0.847073
0.986679
0.389124
0.917972
0.879678
0.674613
0.612731
0.797394
0.388714
0.642217
0.23802
0.526841
0.547389
0.995991
0.991646
0.392122
0.56559
0.289982
0.688482
0.739636
0.809416
0.794843
0.34427
0.536624
0.568035
0.956083
0.903495
0.495728
0.622958
0.37288
0.98328
0.872616
0.171237
0.526162
0.99684
0.585935
0.872676
0.57168
0.968491
0.877847
0.736138
0.7928
0.496676
0.842044
0.723922
0.525279
0.886509
0.681465
0.456412
0.954291
0.991048
0.263462
0.642548
0.588218
0.649565
0.913131
0.969512
0.689577
0.717456
0.30732
0.853893
0.53889
0.672649
0.65619
0.905736
0.868733
0.268262
0.915096
0.923224
0.529563
0.95725
0.764198
0.995549
0.361354
0.879202
0.421302
0.855227
0.625209
0.856817
0.641486
0.957838
0.805043
0.974576
0.470805
0.971147
0.921564
0.946002
0.885888
0.805895
0.769929
0.582606
0.965824
0.659294
0.31753
0.781207
0.785952
0.907881
0.987598
0.701949
0.650774
0.538528
0.231023
0.992007
0.568244
0.616041
0.69834
0.866678
0.533968
0.295534
0.893464
0.239712
0.54905
0.347501
0.451513
0.614247
0.983597
0.903589
0.980471
0.503386
0.828043
0.536998
0.899308
0.817014
0.796865
0.537316
0.204503
0.674178
0.743281
0.997224
0.683449
0.863137
0.184402
0.694483
0.547736
0.884838
0.760291
0.284229
0.391664
0.814588
0.900361
0.932783
0.788429
0.945732
0.788651
0.639705
0.328579
0.6717
0.867096
0.586382
0.772347
0.440644
0.957435
0.928094
0.985272
0.901851
0.395579
0.976434
0.662983
0.779891
0.964788
0.665903
0.362876
0.795758
0.850047
0.320207
0.632729
0.199929
0.885464
0.257907
0.792861
0.866264
0.990528
0.668406
0.854393
0.906309
0.847766
0.0978382
0.924612
0.804466
0.905024
0.249729
0.893021
0.740913
0.607403
0.549324
0.352897
0.943116
0.730628
0.843274
0.99257
0.951929
0.942706
0.954784
0.982178
0.199892
0.674811
0.988137
0.820011
0.701227
0.86095
0.31512
0.601496
0.998948
0.725168
0.887289
0.744085
0.696049
0.642253
0.566081
0.418406
0.519723
0.877228
0.948174
0.499902
0.27464
0.938022
0.459371
0.893794
0.933877
0.706556
0.76177
0.949059
0.843599
0.610174
0.513414
0.947644
0.779846
0.321791
0.909395
0.507305
0.535713
0.757486
0.906044
0.583464
0.772417
0.302649
0.791669
0.268362
0.533571
0.218396
0.716472
0.998858
0.822965
0.659484
0.221864
0.695917
0.996767
0.472651
0.566264
0.93781
0.482552
0.528808
0.659703
0.410773
0.841593
0.778661
0.860971
0.655031
0.900999
0.575479
0.721336
0.611004
0.514184
0.497194
0.837484
0.514141
0.671373
0.693859
0.693647
0.152603
0.184329
0.237749
0.233645
0.61939
0.618995
0.425459
0.791413
0.667342
0.934371
0.849831
0.390615
0.61293
0.796669
0.566827
0.390513
0.607049
0.461849
0.435684
0.51097
0.953869
0.679617
0.426732
0.719275
0.939938
0.801074
0.358791
0.75143
0.652918
0.254283
0.735925
0.798806
0.834514
0.461072
0.991898
0.85362
0.571627
0.810295
0.237163
0.269444
0.237318
0.607651
0.79293
0.631214
0.527879
0.440639
0.667242
0.610892
0.525793
0.739837
0.964899
0.872068
0.687375
0.419754
0.922136
0.991475
0.920372
0.850997
0.694762
0.866791
0.114808
0.965097
0.613093
0.799996
0.741893
0.333905
0.768284
0.932162
0.956681
0.954823
0.787475
0.61628
0.606301
0.428807
0.693664
0.530936
0.438503
0.429993
0.853495
0.943957
0.920635
0.988036
0.683887
0.845745
0.854762
0.900722
0.276092
0.561911
0.673894
0.670738
0.682618
0.58739
0.260005
0.997632
0.633371
0.922691
0.742251
0.851735
0.640878
0.317073
0.752632
0.795648
0.739063
0.747923
0.948009
0.664982
0.771249
0.845385
0.928236
0.376756
0.858161
0.842054
0.966651
0.684904
0.945972
0.0832245
0.806722
0.545186
0.597339
0.790759
0.483869
0.992125
0.803658
0.768809
0.770395
0.740457
0.739533
0.495831
0.840504
0.742093
0.958523
0.429164
0.856801
0.659685
0.735227
0.917419
0.98404
0.57008
0.28742
0.956155
0.577264
0.822294
0.838922
0.473537
0.837225
0.801913
0.597641
0.960128
0.97874
0.992847
0.996532
0.054559
0.29658
0.496752
0.847498
0.399249
0.629464
0.6324
0.327566
0.784051
0.519797
0.783318
0.563304
0.29738
0.971319
0.777465
0.968229
0.665546
0.884734
0.882934
0.951936
0.889175
0.703734
0.304203
0.537125
0.973184
0.920719
0.652817
0.4837
0.354005
0.389395
0.784306
0.791061
0.927224
0.420536
0.464794
0.328074
0.666842
0.804935
0.449435
0.552521
0.405626
0.810894
0.800872
0.656125
0.732039
0.782481
0.715469
0.0822517
0.613902
0.337615
0.916864
0.898405
0.888653
0.590623
0.949848
0.75972
0.891029
0.579678
0.548498
0.911205
0.8209
0.695947
0.927026
0.847755
0.221025
0.564321
0.555281
0.344032
0.935924
0.1729
0.472289
0.715885
0.319624
0.721356
0.782299
0.756664
0.944721
0.789935
0.933148
0.799258
0.786628
0.970492
0.170186
0.508888
0.611724
0.852278
0.642794
0.386968
0.855277
0.601332
0.987175
0.634532
0.910976
0.838078
0.965887
0.604431
0.895534
0.400956
0.767851
0.690239
0.964018
0.731997
0.972796
0.486658
0.902515
0.611995
0.472312
0.835916
0.977934
0.271317
0.958479
0.863777
0.915744
0.772825
0.157843
0.748141
0.791912
0.214863
0.284425
0.624106
0.959829
0.775546
0.786767
0.934898
0.638433
0.818846
0.643668
0.487267
0.958797
0.896167
0.630753
0.7305
0.673411
0.353307
0.973983
0.4676
0.524541
0.795792
0.668822
0.471926
0.86293
0.983582
0.366933
0.989259
0.131233
0.980879
0.73876
0.831365
0.810441
0.101744
0.720617
0.116674
0.802176
0.763863
0.29353
0.706776
0.204946
0.372682
0.90096
0.62981
0.530099
0.826383
0.784666
0.487822
0.578227
0.92259
0.633561
0.514838
0.963147
0.511392
0.492828
0.778377
0.196194
0.594387
0.424711
0.937957
0.715054
0.704188
0.64315
0.858083
0.627145
0.68027
0.413912
0.782525
0.214458
0.88957
0.774673
0.517403
0.620685
0.701904
0.172691
0.891593
0.274979
0.705437
0.918411
0.525125
0.667303
0.49555
0.965648
0.856949
0.917587
0.634642
0.694944
0.626008
0.939317
0.309443
0.888834
0.928518
0.907854
0.926514
0.373862
0.658291
0.876922
0.998761
0.969274
0.43351
0.381928
0.735652
0.811464
0.848311
0.273711
0.433935
0.434094
0.944125
0.985315
0.894921
0.650001
0.433327
0.932686
0.763588
0.473682
0.125522
0.633959
0.211126
0.219546
0.619396
0.738578
0.645183
0.247164
0.973798
0.996089
0.578378
0.871021
0.38645
0.710925
0.669252
0.487637
0.923752
0.476767
0.66438
0.326592
0.238778
0.997469
0.203812
0.522601
0.736574
0.779849
0.758726
0.520957
0.770412
0.746888
0.6897
0.80309
0.982288
0.903946
0.691274
0.937397
0.83826
0.567021
0.396639
0.723596
0.993339
0.602928
0.955574
0.975919
0.853141
0.629637
0.881886
0.481611
0.504875
0.805929
0.824372
0.595764
0.59261
0.136383
0.787802
0.982072
0.912613
0.219052
0.54196
0.322916
0.328276
0.847425
0.399083
0.975843
0.354477
0.506157
0.580214
0.926459
0.761612
0.394338
0.89579
0.844188
0.71826
0.71986
0.478863
0.0945457
0.697418
0.170728
0.739019
0.981451
0.318195
0.880317
0.822862
0.830082
0.333228
0.828606
0.592209
0.493245
0.705161
0.388356
0.195957
0.797046
0.488321
0.359213
0.834189
0.677524
0.943453
0.491915
0.907414
0.878053
0.950736
0.722487
0.603923
0.510463
0.941791
0.77921
0.699564
0.808424
0.27153
0.637784
0.661715
0.666975
0.470286
0.548917
0.757806
0.0456038
0.900547
0.919118
0.663033
0.663276
0.967685
0.311443
0.198259
0.21515
0.459912
0.220951
0.856807
0.515221
0.90807
0.746203
0.945432
0.229665
0.470295
0.198924
0.605662
0.832543
0.648694
0.939701
0.552427
0.481066
0.255019
0.502301
0.541361
0.822528
0.963503
0.871389
0.304071
0.435418
0.28104
0.826653
0.615914
0.560839
0.595822
0.421689
0.884291
0.960085
0.821309
0.793697
0.413697
0.593927
0.638858
0.667019
0.76181
0.920197
0.827108
0.550223
0.497766
0.627914
0.98187
0.217825
0.962465
0.931926
0.800173
0.702592
0.295237
0.254448
0.678309
0.5482
0.880816
0.640478
0.720667
0.67655
0.578778
0.936738
0.714345
0.742887
0.822849
0.783907
0.187948
0.784405
0.629683
0.921987
0.966083
0.496696
0.819573
0.876866
0.891728
0.69765
0.999959
0.912609
0.746622
0.620839
0.834138
0.892243
0.975417
0.793569
0.921457
0.996229
0.68332
0.731923
0.363861
0.627439
0.7531
0.811767
0.638731
0.269084
0.64477
0.77634
0.580994
0.294747
0.543054
0.91579
0.977845
0.366891
0.63562
0.72682
0.90122
0.937376
0.690725
0.452455
0.856833
0.253329
0.945513
0.735944
0.694584
0.595303
0.856547
0.652329
0.952384
0.434043
0.870907
0.606219
0.999021
0.853458
0.401244
0.812092
0.646874
0.212262
0.322653
0.882251
0.99916
0.399351
0.388751
0.815414
0.851858
0.205605
0.476159
0.632992
0.323866
0.910806
0.112254
0.622302
0.448205
0.588175
0.136544
0.398338
0.399008
0.962209
0.888733
0.841343
0.625153
0.237789
0.417442
0.427683
0.295142
0.768902
0.817457
0.959519
0.928283
0.913224
0.863088
0.106
0.647511
0.357721
0.792309
0.661055
0.890279
0.538922
0.241651
0.723969
0.633092
0.75725
0.671426
0.269002
0.684581
0.536754
0.936078
0.664413
0.755779
0.817703
0.791493
0.258717
0.869247
0.994433
0.478382
0.814827
0.657839
0.938517
0.723022
0.883264
0.252855
0.854955
0.710541
0.918685
0.961421
0.959347
0.73859
0.275183
0.746787
0.837189
0.557924
0.503674
0.720933
0.838568
0.370989
0.720907
0.551678
0.794023
0.762463
0.468917
0.837822
0.875776
0.601658
0.403917
0.356652
0.805334
0.652748
0.477728
0.109011
0.580302
0.504537
0.795537
0.709546
0.646256
0.836011
0.315107
0.802747
0.995265
0.760711
0.535818
0.492202
0.532863
0.589401
0.667274
0.603824
0.375837
0.375353
0.528851
0.975828
0.495555
0.0219454
0.885561
0.634073
0.817344
0.631063
0.724568
0.643473
0.724966
0.929661
0.968652
0.436113
0.839685
0.719448
0.863495
0.627556
0.540689
0.201656
0.817542
0.775539
0.791921
0.691072
0.968304
0.972765
0.982003
0.576197
0.956232
0.659309
0.785706
0.512499
0.831661
0.483853
0.749553
0.361923
0.859855
0.697637
0.428369
0.497075
0.461059
0.433377
0.494369
0.60431
0.42101
0.817026
0.69321
0.709017
0.793803
0.333083
0.420478
0.888474
0.963491
0.268096
0.76685
0.909279
0.525314
0.750051
0.893248
0.979686
0.583867
0.841504
0.140726
0.659367
0.605333
0.410362
0.612863
0.205647
0.426504
0.222441
0.539844
0.815269
0.771016
0.641028
